2 0.477 0.122 0.046 0.052
2 0.548 0.116 0.055 0.061
2 0.375 0.068 0.051 0.054
2 0.813 0.086 0.058 0.053
0 0.896 0.099 0.079 0.066
0 0.941 0.152 0.075 0.067
0 0.835 0.035 0.054 0.068
0 0.763 0.056 0.065 0.074
0 0.707 0.057 0.049 0.057
0 0.665 0.030 0.058 0.060
0 0.588 0.077 0.057 0.067
0 0.419 0.053 0.064 0.068
0 0.215 0.053 0.059 0.066
0 0.374 0.301 0.064 0.066
0 0.694 0.152 0.095 0.078
0 0.690 0.220 0.078 0.074
0 0.680 0.312 0.092 0.069
0 0.700 0.389 0.072 0.079
0 0.758 0.379 0.053 0.069
0 0.776 0.323 0.069 0.047
0 0.780 0.259 0.088 0.063
0 0.776 0.188 0.080 0.079
0 0.615 0.842 0.068 0.073
0 0.640 0.909 0.068 0.062
0 0.669 0.974 0.065 0.051
0 0.219 0.880 0.077 0.087
0 0.284 0.938 0.065 0.067
0 0.308 0.815 0.073 0.091
0 0.368 0.770 0.063 0.087
0 0.454 0.677 0.054 0.077
0 0.502 0.674 0.049 0.085
0 0.294 0.726 0.085 0.081
0 0.062 0.804 0.060 0.074
0 0.044 0.488 0.057 0.058
0 0.019 0.590 0.037 0.056
0 0.155 0.400 0.076 0.108
0 0.126 0.501 0.062 0.073
0 0.352 0.427 0.070 0.078
0 0.423 0.491 0.048 0.044
0 0.725 0.760 0.062 0.049
0 0.642 0.911 0.063 0.070
0 0.267 0.645 0.073 0.086
0 0.524 0.327 0.075 0.075
0 0.083 0.453 0.050 0.048
0 0.165 0.600 0.075 0.065
0 0.937 0.698 0.061 0.062
0 0.269 0.646 0.074 0.085
0 0.420 0.443 0.061 0.063
0 0.294 0.165 0.079 0.082
0 0.260 0.244 0.077 0.067
0 0.297 0.343 0.073 0.079
0 0.440 0.361 0.064 0.077
0 0.497 0.021 0.060 0.037
0 0.969 0.256 0.036 0.043
0 0.931 0.244 0.064 0.052
0 0.809 0.374 0.056 0.060
0 0.774 0.595 0.044 0.051
0 0.839 0.782 0.060 0.068
0 0.733 0.821 0.064 0.045
0 0.449 0.745 0.048 0.069
0 0.464 0.484 0.049 0.070
0 0.350 0.209 0.051 0.053
0 0.240 0.112 0.068 0.090
0 0.810 0.469 0.046 0.052
0 0.811 0.690 0.051 0.063
0 0.738 0.953 0.050 0.052
0 0.405 0.688 0.052 0.078
0 0.059 0.715 0.052 0.055
0 0.447 0.980 0.054 0.041
0 0.518 0.088 0.068 0.072
0 0.274 0.395 0.065 0.050
0 0.094 0.595 0.065 0.060
0 0.060 0.560 0.056 0.064
