2 0.983 0.243 0.034 0.076
2 0.938 0.208 0.086 0.091
1 0.886 0.155 0.050 0.069
1 0.828 0.099 0.080 0.098
1 0.929 0.044 0.073 0.086
1 0.711 0.151 0.114 0.107
1 0.560 0.076 0.164 0.079
1 0.523 0.166 0.103 0.058
1 0.720 0.281 0.123 0.094
1 0.506 0.347 0.093 0.089
1 0.415 0.267 0.103 0.087
1 0.603 0.425 0.099 0.081
1 0.508 0.436 0.128 0.085
1 0.320 0.378 0.121 0.067
1 0.618 0.520 0.106 0.088
2 0.699 0.444 0.092 0.077
2 0.714 0.529 0.085 0.084
2 0.799 0.508 0.078 0.081
2 0.777 0.433 0.079 0.065
2 0.643 0.583 0.086 0.054
2 0.624 0.660 0.099 0.109
2 0.539 0.675 0.093 0.096
2 0.496 0.510 0.128 0.096
2 0.420 0.575 0.107 0.103
2 0.341 0.596 0.089 0.079
2 0.241 0.557 0.107 0.098
1 0.189 0.655 0.118 0.102
1 0.177 0.766 0.120 0.116
1 0.088 0.819 0.114 0.077
1 0.094 0.916 0.130 0.123
1 0.529 0.911 0.115 0.096
1 0.712 0.854 0.089 0.074
1 0.825 0.784 0.137 0.067
1 0.766 0.712 0.105 0.065
1 0.698 0.770 0.089 0.072
2 0.584 0.963 0.077 0.056
1 0.598 0.333 0.080 0.084
1 0.553 0.826 0.093 0.072
1 0.620 0.886 0.084 0.061
1 0.708 0.026 0.063 0.051
1 0.744 0.929 0.089 0.063
1 0.632 0.788 0.091 0.074
1 0.317 0.627 0.120 0.088
1 0.931 0.977 0.094 0.047
1 0.845 0.960 0.084 0.044
1 0.941 0.871 0.089 0.041
