2 0.370 0.045 0.050 0.082
2 0.416 0.048 0.049 0.070
2 0.458 0.045 0.043 0.073
2 0.507 0.090 0.045 0.083
2 0.549 0.084 0.050 0.073
2 0.578 0.054 0.056 0.092
2 0.635 0.319 0.058 0.056
2 0.544 0.377 0.053 0.070
2 0.545 0.487 0.050 0.073
2 0.493 0.462 0.049 0.083
2 0.903 0.314 0.064 0.091
2 0.935 0.279 0.049 0.098
2 0.846 0.038 0.040 0.075
2 0.771 0.464 0.041 0.088
2 0.724 0.759 0.050 0.078
2 0.718 0.829 0.052 0.057
2 0.718 0.895 0.060 0.082
2 0.650 0.926 0.045 0.081
2 0.643 0.797 0.056 0.083
2 0.363 0.761 0.057 0.084
2 0.347 0.666 0.068 0.078
2 0.299 0.673 0.054 0.083
2 0.309 0.776 0.072 0.093
2 0.254 0.931 0.071 0.111
2 0.195 0.948 0.065 0.104
2 0.121 0.831 0.065 0.110
2 0.165 0.760 0.094 0.111
2 0.066 0.850 0.056 0.083
2 0.021 0.813 0.040 0.116
1 0.057 0.609 0.073 0.100
1 0.175 0.674 0.096 0.102
1 0.242 0.665 0.062 0.099
1 0.250 0.771 0.076 0.105
1 0.177 0.574 0.072 0.105
1 0.313 0.489 0.072 0.121
1 0.238 0.551 0.050 0.076
1 0.189 0.365 0.060 0.072
1 0.212 0.263 0.106 0.086
1 0.307 0.345 0.078 0.117
1 0.258 0.117 0.102 0.081
1 0.383 0.289 0.053 0.121
1 0.419 0.359 0.030 0.091
1 0.355 0.178 0.045 0.123
1 0.751 0.180 0.051 0.074
1 0.916 0.088 0.065 0.100
1 0.957 0.235 0.047 0.102
1 0.742 0.253 0.070 0.095
1 0.743 0.350 0.069 0.103
1 0.728 0.459 0.052 0.075
1 0.676 0.430 0.056 0.093
1 0.741 0.536 0.056 0.068
1 0.643 0.581 0.055 0.061
1 0.722 0.674 0.054 0.086
1 0.638 0.716 0.068 0.083
1 0.971 0.697 0.059 0.138
1 0.296 0.045 0.058 0.082
1 0.346 0.978 0.065 0.045
1 0.994 0.827 0.013 0.088
1 0.949 0.469 0.040 0.048
1 0.932 0.414 0.059 0.063
1 0.695 0.225 0.030 0.082
1 0.556 0.303 0.064 0.056
1 0.451 0.217 0.050 0.113
1 0.499 0.245 0.050 0.070
1 0.298 0.264 0.068 0.047
1 0.096 0.479 0.040 0.098
1 0.158 0.469 0.057 0.083
1 0.134 0.380 0.049 0.077
2 0.565 0.193 0.033 0.058
2 0.057 0.769 0.072 0.078
2 0.592 0.193 0.024 0.050
2 0.852 0.281 0.042 0.048
2 0.849 0.344 0.043 0.075
2 0.623 0.368 0.043 0.052
