1 0.697 0.181 0.071 0.104
1 0.102 0.199 0.090 0.108
1 0.099 0.298 0.087 0.098
1 0.078 0.404 0.052 0.073
1 0.097 0.484 0.061 0.065
1 0.080 0.629 0.068 0.076
1 0.313 0.042 0.073 0.082
1 0.605 0.280 0.046 0.073
1 0.359 0.179 0.055 0.107
1 0.599 0.378 0.074 0.070
1 0.600 0.444 0.083 0.089
1 0.663 0.464 0.066 0.070
1 0.695 0.416 0.050 0.070
1 0.741 0.462 0.052 0.042
1 0.720 0.514 0.045 0.052
1 0.739 0.576 0.054 0.069
1 0.811 0.562 0.095 0.058
1 0.708 0.630 0.059 0.048
1 0.653 0.659 0.046 0.084
1 0.576 0.617 0.059 0.055
1 0.615 0.669 0.037 0.083
1 0.650 0.759 0.045 0.086
1 0.840 0.839 0.061 0.071
1 0.936 0.964 0.066 0.071
1 0.877 0.713 0.049 0.066
1 0.555 0.949 0.074 0.103
1 0.526 0.855 0.050 0.113
1 0.458 0.905 0.068 0.130
1 0.431 0.782 0.066 0.123
1 0.387 0.655 0.075 0.120
2 0.297 0.260 0.068 0.103
2 0.137 0.410 0.057 0.084
2 0.078 0.716 0.072 0.084
2 0.079 0.790 0.066 0.060
2 0.071 0.865 0.056 0.081
2 0.601 0.885 0.057 0.092
2 0.722 0.894 0.059 0.076
2 0.674 0.935 0.052 0.087
2 0.676 0.849 0.048 0.077
2 0.773 0.829 0.052 0.093
2 0.802 0.779 0.052 0.086
2 0.923 0.340 0.088 0.069
2 0.875 0.376 0.019 0.079
2 0.842 0.378 0.038 0.064
2 0.804 0.417 0.038 0.067
2 0.766 0.399 0.037 0.064
1 0.115 0.112 0.047 0.052
2 0.700 0.740 0.056 0.097
2 0.227 0.288 0.059 0.076
1 0.032 0.382 0.061 0.095
1 0.567 0.713 0.052 0.105
1 0.482 0.736 0.047 0.086
1 0.493 0.611 0.055 0.089
1 0.942 0.598 0.020 0.026
1 0.943 0.638 0.017 0.026
1 0.961 0.600 0.013 0.018
1 0.931 0.278 0.048 0.055
1 0.799 0.020 0.055 0.039
1 0.361 0.033 0.045 0.064
1 0.043 0.173 0.038 0.082
2 0.762 0.668 0.053 0.077
1 0.345 0.418 0.044 0.045
