2 0.241 0.842 0.042 0.052
2 0.026 0.678 0.044 0.047
2 0.101 0.329 0.037 0.058
2 0.149 0.243 0.039 0.048
2 0.255 0.210 0.049 0.054
2 0.183 0.251 0.029 0.054
2 0.387 0.049 0.035 0.050
2 0.365 0.080 0.026 0.042
2 0.509 0.464 0.034 0.058
2 0.497 0.558 0.025 0.037
2 0.556 0.646 0.027 0.050
2 0.633 0.693 0.037 0.046
2 0.686 0.695 0.039 0.060
2 0.962 0.331 0.033 0.040
0 0.147 0.103 0.051 0.090
0 0.205 0.061 0.058 0.070
0 0.209 0.199 0.047 0.075
0 0.151 0.195 0.051 0.062
0 0.055 0.424 0.034 0.049
0 0.036 0.510 0.040 0.058
0 0.106 0.602 0.047 0.063
0 0.113 0.672 0.044 0.059
0 0.129 0.751 0.039 0.057
0 0.036 0.894 0.052 0.068
0 0.188 0.759 0.034 0.058
0 0.214 0.716 0.045 0.065
0 0.269 0.707 0.052 0.063
0 0.257 0.584 0.045 0.058
0 0.201 0.599 0.042 0.055
0 0.164 0.568 0.033 0.058
0 0.189 0.509 0.057 0.063
0 0.260 0.493 0.055 0.063
0 0.233 0.408 0.057 0.064
0 0.369 0.364 0.043 0.086
0 0.378 0.270 0.032 0.064
0 0.427 0.515 0.049 0.077
0 0.467 0.496 0.036 0.067
0 0.493 0.360 0.040 0.068
0 0.536 0.309 0.061 0.061
0 0.509 0.203 0.048 0.056
0 0.571 0.231 0.057 0.081
0 0.494 0.135 0.060 0.058
0 0.686 0.196 0.044 0.083
0 0.639 0.290 0.049 0.078
0 0.670 0.359 0.049 0.068
0 0.691 0.424 0.050 0.071
0 0.738 0.427 0.045 0.064
0 0.593 0.638 0.038 0.062
0 0.613 0.587 0.035 0.052
0 0.650 0.599 0.039 0.056
0 0.713 0.652 0.037 0.047
0 0.735 0.577 0.041 0.059
0 0.714 0.527 0.039 0.068
0 0.791 0.529 0.052 0.066
0 0.769 0.620 0.049 0.059
0 0.856 0.542 0.055 0.058
0 0.840 0.637 0.052 0.067
0 0.887 0.617 0.051 0.059
0 0.928 0.679 0.064 0.071
0 0.962 0.726 0.057 0.058
0 0.792 0.929 0.049 0.058
0 0.836 0.917 0.038 0.049
0 0.776 0.858 0.060 0.062
0 0.784 0.783 0.051 0.069
0 0.784 0.723 0.056 0.061
0 0.844 0.754 0.052 0.062
0 0.543 0.958 0.049 0.058
0 0.402 0.937 0.047 0.089
0 0.444 0.638 0.049 0.061
0 0.960 0.487 0.052 0.062
0 0.560 0.857 0.044 0.051
0 0.503 0.734 0.057 0.068
0 0.542 0.770 0.037 0.040
0 0.282 0.783 0.044 0.055
0 0.491 0.095 0.044 0.039
0 0.667 0.873 0.056 0.068
0 0.251 0.650 0.042 0.043
0 0.134 0.046 0.051 0.075
0 0.462 0.688 0.051 0.070
0 0.352 0.981 0.038 0.038
0 0.245 0.876 0.010 0.020
2 0.352 0.037 0.032 0.044
2 0.162 0.334 0.022 0.045
0 0.673 0.545 0.045 0.064
0 0.577 0.511 0.045 0.055
0 0.526 0.403 0.009 0.014
0 0.553 0.359 0.010 0.016
0 0.100 0.949 0.010 0.014
0 0.056 0.978 0.007 0.017
0 0.102 0.982 0.015 0.013
0 0.268 0.892 0.010 0.017
0 0.559 0.457 0.010 0.014
0 0.481 0.290 0.050 0.061
0 0.565 0.326 0.013 0.013
0 0.551 0.402 0.012 0.015
0 0.986 0.260 0.027 0.045
0 0.307 0.478 0.044 0.055
0 0.137 0.535 0.049 0.069
0 0.084 0.544 0.036 0.039
0 0.014 0.414 0.028 0.056
0 0.115 0.858 0.011 0.017
0 0.295 0.334 0.054 0.087
0 0.230 0.350 0.057 0.068
0 0.309 0.550 0.048 0.062
0 0.404 0.219 0.038 0.054
0 0.019 0.017 0.037 0.032
