0 0.338 0.152 0.092 0.042
0 0.229 0.225 0.089 0.040
0 0.312 0.251 0.078 0.049
0 0.525 0.286 0.098 0.056
0 0.268 0.428 0.145 0.056
0 0.277 0.478 0.120 0.064
0 0.372 0.444 0.101 0.063
0 0.477 0.433 0.117 0.066
0 0.593 0.406 0.119 0.064
0 0.541 0.497 0.129 0.064
0 0.670 0.514 0.086 0.041
0 0.693 0.567 0.089 0.054
0 0.613 0.605 0.112 0.062
0 0.488 0.606 0.134 0.052
0 0.544 0.547 0.119 0.052
0 0.418 0.509 0.106 0.057
0 0.355 0.539 0.142 0.057
0 0.388 0.106 0.123 0.049
0 0.327 0.319 0.092 0.051
0 0.374 0.388 0.100 0.043
0 0.553 0.832 0.098 0.048
0 0.558 0.885 0.111 0.049
0 0.599 0.939 0.106 0.056
0 0.689 0.915 0.114 0.058
0 0.518 0.647 0.112 0.053
0 0.265 0.100 0.125 0.045
