2 0.613 0.295 0.073 0.052
2 0.475 0.301 0.083 0.052
2 0.402 0.392 0.062 0.047
2 0.118 0.188 0.082 0.042
2 0.073 0.103 0.075 0.038
2 0.363 0.060 0.066 0.042
2 0.895 0.105 0.073 0.034
2 0.964 0.061 0.057 0.036
1 0.865 0.059 0.087 0.032
1 0.738 0.089 0.084 0.041
0 0.837 0.022 0.048 0.042
0 0.594 0.025 0.075 0.049
0 0.472 0.031 0.087 0.045
0 0.413 0.204 0.096 0.063
0 0.291 0.134 0.097 0.057
0 0.193 0.150 0.089 0.047
2 0.032 0.470 0.061 0.045
0 0.535 0.476 0.098 0.062
0 0.984 0.423 0.032 0.016
0 0.975 0.489 0.050 0.036
0 0.459 0.537 0.093 0.046
0 0.453 0.611 0.075 0.045
0 0.598 0.686 0.072 0.048
0 0.570 0.645 0.076 0.047
0 0.506 0.633 0.075 0.052
0 0.668 0.567 0.055 0.055
0 0.738 0.585 0.102 0.041
0 0.796 0.639 0.082 0.048
0 0.725 0.549 0.045 0.032
0 0.695 0.660 0.066 0.047
0 0.725 0.697 0.060 0.043
0 0.782 0.736 0.076 0.046
0 0.767 0.821 0.088 0.039
0 0.730 0.804 0.070 0.049
0 0.657 0.822 0.082 0.022
0 0.618 0.791 0.058 0.032
0 0.648 0.859 0.068 0.041
0 0.769 0.865 0.122 0.033
0 0.782 0.888 0.058 0.039
0 0.252 0.070 0.075 0.060
0 0.671 0.507 0.091 0.042
0 0.983 0.384 0.034 0.033
0 0.337 0.196 0.052 0.036
0 0.447 0.480 0.081 0.043
0 0.843 0.661 0.047 0.045
0 0.697 0.047 0.050 0.040
0 0.664 0.466 0.058 0.035
