0 0.987 0.701 0.025 0.030
0 0.973 0.742 0.054 0.029
0 0.975 0.794 0.046 0.031
0 0.969 0.865 0.062 0.044
0 0.761 0.976 0.079 0.046
0 0.702 0.960 0.064 0.045
0 0.524 0.926 0.075 0.063
0 0.600 0.860 0.081 0.060
0 0.083 0.697 0.088 0.064
0 0.047 0.653 0.085 0.080
0 0.047 0.564 0.082 0.078
0 0.021 0.446 0.039 0.060
0 0.478 0.531 0.081 0.078
0 0.389 0.446 0.064 0.055
0 0.289 0.459 0.078 0.056
0 0.345 0.368 0.081 0.079
0 0.416 0.244 0.062 0.061
0 0.530 0.319 0.067 0.059
0 0.644 0.307 0.069 0.068
1 0.868 0.359 0.062 0.042
1 0.942 0.068 0.065 0.082
1 0.968 0.131 0.060 0.046
1 0.763 0.379 0.060 0.055
2 0.968 0.169 0.048 0.057
2 0.965 0.221 0.063 0.057
2 0.976 0.266 0.048 0.039
2 0.946 0.301 0.044 0.032
2 0.905 0.398 0.068 0.047
2 0.952 0.351 0.047 0.048
2 0.656 0.634 0.068 0.052
2 0.539 0.644 0.066 0.049
2 0.474 0.761 0.060 0.052
2 0.158 0.849 0.061 0.047
2 0.088 0.849 0.070 0.058
2 0.115 0.770 0.078 0.061
2 0.235 0.503 0.066 0.043
2 0.195 0.399 0.057 0.060
2 0.445 0.354 0.066 0.043
2 0.142 0.400 0.039 0.043
2 0.144 0.291 0.063 0.054
2 0.083 0.260 0.066 0.049
2 0.150 0.222 0.059 0.051
0 0.811 0.050 0.063 0.069
0 0.032 0.766 0.053 0.058
0 0.589 0.293 0.042 0.073
0 0.883 0.152 0.065 0.064
0 0.741 0.114 0.046 0.047
0 0.780 0.150 0.049 0.057
0 0.342 0.252 0.056 0.052
0 0.696 0.843 0.050 0.047
0 0.702 0.891 0.079 0.040
0 0.521 0.848 0.078 0.057
2 0.018 0.302 0.035 0.051
0 0.726 0.286 0.063 0.053
1 0.065 0.075 0.072 0.058
0 0.413 0.710 0.056 0.049
0 0.829 0.300 0.046 0.043
