0 0.208 0.103 0.128 0.105
0 0.299 0.142 0.107 0.101
0 0.148 0.277 0.109 0.084
0 0.429 0.245 0.103 0.103
0 0.747 0.340 0.140 0.095
0 0.780 0.432 0.118 0.083
0 0.831 0.537 0.137 0.100
0 0.720 0.573 0.114 0.102
0 0.633 0.506 0.121 0.101
0 0.648 0.396 0.136 0.098
0 0.545 0.423 0.086 0.078
0 0.599 0.597 0.098 0.075
0 0.658 0.686 0.097 0.081
0 0.599 0.746 0.111 0.094
0 0.527 0.783 0.124 0.088
0 0.510 0.889 0.128 0.107
0 0.396 0.923 0.124 0.104
0 0.346 0.815 0.131 0.098
0 0.493 0.687 0.116 0.089
0 0.372 0.636 0.110 0.086
0 0.473 0.566 0.098 0.079
0 0.298 0.479 0.123 0.086
0 0.361 0.410 0.130 0.072
0 0.108 0.560 0.116 0.091
0 0.033 0.595 0.063 0.104
0 0.022 0.309 0.043 0.080
0 0.407 0.505 0.109 0.090
