2 0.558 0.054 0.052 0.052
2 0.610 0.046 0.049 0.056
2 0.433 0.198 0.066 0.043
2 0.549 0.285 0.056 0.039
2 0.617 0.244 0.064 0.045
2 0.648 0.300 0.067 0.042
2 0.498 0.371 0.074 0.035
2 0.319 0.345 0.069 0.047
2 0.260 0.385 0.059 0.046
2 0.316 0.415 0.090 0.040
2 0.408 0.416 0.075 0.042
2 0.322 0.503 0.048 0.031
2 0.379 0.520 0.048 0.043
2 0.246 0.472 0.044 0.030
2 0.197 0.509 0.050 0.035
2 0.483 0.480 0.049 0.046
2 0.531 0.420 0.073 0.031
2 0.563 0.463 0.059 0.039
2 0.636 0.421 0.074 0.032
2 0.680 0.474 0.058 0.047
2 0.739 0.515 0.052 0.047
2 0.947 0.683 0.053 0.031
2 0.901 0.717 0.061 0.035
2 0.846 0.708 0.049 0.039
2 0.803 0.683 0.056 0.033
2 0.669 0.889 0.064 0.031
2 0.713 0.781 0.059 0.031
2 0.745 0.818 0.054 0.029
2 0.674 0.938 0.067 0.034
2 0.625 0.951 0.082 0.032
2 0.597 0.913 0.072 0.027
2 0.406 0.868 0.061 0.026
2 0.436 0.847 0.052 0.027
2 0.473 0.835 0.056 0.035
0 0.348 0.078 0.087 0.042
0 0.336 0.150 0.086 0.052
0 0.270 0.219 0.065 0.052
0 0.241 0.288 0.102 0.056
0 0.491 0.306 0.093 0.041
0 0.497 0.255 0.071 0.042
0 0.739 0.409 0.059 0.033
0 0.796 0.561 0.058 0.043
0 0.845 0.606 0.025 0.029
0 0.760 0.720 0.075 0.051
0 0.706 0.675 0.063 0.065
0 0.674 0.705 0.063 0.046
0 0.596 0.709 0.061 0.052
0 0.643 0.808 0.082 0.053
0 0.549 0.866 0.082 0.034
0 0.550 0.815 0.079 0.044
0 0.431 0.592 0.071 0.049
0 0.468 0.550 0.079 0.032
0 0.437 0.641 0.066 0.029
0 0.367 0.265 0.075 0.047
0 0.770 0.428 0.055 0.034
0 0.311 0.791 0.079 0.049
0 0.229 0.199 0.063 0.044
0 0.262 0.138 0.068 0.040
0 0.580 0.591 0.078 0.045
0 0.583 0.633 0.075 0.040
1 0.509 0.192 0.064 0.048
0 0.330 0.696 0.055 0.045
0 0.208 0.900 0.055 0.041
2 0.716 0.166 0.055 0.035
