2 0.532 0.257 0.052 0.059
2 0.559 0.208 0.060 0.050
2 0.626 0.172 0.046 0.057
2 0.537 0.130 0.060 0.046
2 0.653 0.098 0.046 0.039
1 0.867 0.163 0.089 0.071
2 0.328 0.509 0.073 0.079
2 0.263 0.504 0.054 0.075
2 0.210 0.314 0.060 0.078
2 0.174 0.973 0.053 0.042
1 0.176 0.821 0.069 0.102
1 0.235 0.785 0.087 0.088
1 0.176 0.749 0.067 0.074
1 0.174 0.654 0.060 0.092
1 0.033 0.474 0.066 0.101
1 0.259 0.415 0.075 0.081
1 0.362 0.375 0.070 0.066
1 0.357 0.444 0.072 0.061
1 0.277 0.318 0.067 0.080
1 0.295 0.243 0.066 0.074
1 0.320 0.137 0.064 0.075
1 0.301 0.056 0.076 0.066
1 0.178 0.092 0.082 0.075
1 0.218 0.156 0.074 0.074
1 0.210 0.199 0.049 0.069
1 0.488 0.418 0.070 0.070
1 0.545 0.474 0.074 0.075
1 0.596 0.422 0.075 0.080
1 0.555 0.352 0.079 0.071
1 0.636 0.337 0.068 0.074
1 0.681 0.289 0.070 0.075
1 0.703 0.210 0.074 0.081
1 0.716 0.124 0.076 0.092
1 0.805 0.123 0.078 0.074
1 0.862 0.043 0.084 0.059
1 0.770 0.023 0.082 0.044
1 0.713 0.471 0.085 0.077
1 0.867 0.553 0.096 0.090
1 0.728 0.803 0.094 0.099
1 0.890 0.846 0.093 0.077
1 0.854 0.918 0.093 0.109
1 0.773 0.864 0.091 0.093
1 0.695 0.902 0.072 0.097
1 0.469 0.721 0.069 0.075
0 0.193 0.513 0.067 0.070
0 0.191 0.581 0.081 0.068
0 0.635 0.831 0.077 0.074
