2 0.214 0.706 0.077 0.093
2 0.313 0.696 0.072 0.068
2 0.244 0.823 0.084 0.102
2 0.099 0.056 0.070 0.092
0 0.438 0.098 0.103 0.138
0 0.601 0.040 0.103 0.079
0 0.408 0.262 0.096 0.138
0 0.563 0.230 0.105 0.128
0 0.560 0.369 0.103 0.097
0 0.546 0.475 0.108 0.115
0 0.426 0.427 0.095 0.144
0 0.599 0.606 0.100 0.142
0 0.494 0.561 0.099 0.106
0 0.405 0.596 0.090 0.115
0 0.471 0.666 0.105 0.124
0 0.408 0.767 0.100 0.142
0 0.528 0.765 0.131 0.112
0 0.702 0.834 0.119 0.125
0 0.927 0.656 0.106 0.137
0 0.799 0.724 0.069 0.122
0 0.555 0.955 0.093 0.089
0 0.261 0.622 0.094 0.087
0 0.137 0.695 0.082 0.111
0 0.026 0.721 0.050 0.087
0 0.037 0.527 0.073 0.088
0 0.188 0.060 0.085 0.075
0 0.131 0.563 0.077 0.086
0 0.397 0.946 0.085 0.101
0 0.282 0.465 0.053 0.075
0 0.348 0.659 0.087 0.095
0 0.270 0.731 0.082 0.082
0 0.067 0.620 0.064 0.075
