2 0.203 0.743 0.092 0.092
2 0.236 0.868 0.102 0.104
2 0.335 0.736 0.108 0.067
0 0.102 0.741 0.110 0.102
0 0.267 0.662 0.127 0.085
0 0.457 0.814 0.133 0.131
0 0.629 0.810 0.165 0.105
0 0.876 0.873 0.153 0.122
0 0.554 0.708 0.123 0.118
0 0.452 0.645 0.125 0.112
0 0.578 0.604 0.130 0.105
0 0.716 0.640 0.133 0.139
0 0.642 0.519 0.134 0.118
0 0.660 0.413 0.138 0.111
0 0.664 0.288 0.136 0.134
0 0.715 0.068 0.123 0.135
0 0.497 0.156 0.122 0.122
0 0.463 0.322 0.122 0.132
0 0.488 0.479 0.131 0.132
0 0.131 0.063 0.124 0.095
0 0.168 0.112 0.104 0.072
2 0.052 0.112 0.103 0.083
0 0.089 0.608 0.099 0.079
0 0.263 0.776 0.141 0.078
