2 0.082 0.356 0.103 0.097
2 0.108 0.261 0.116 0.094
2 0.576 0.674 0.119 0.104
2 0.663 0.653 0.118 0.108
2 0.884 0.828 0.112 0.080
2 0.831 0.866 0.125 0.088
2 0.733 0.865 0.121 0.086
2 0.687 0.940 0.109 0.089
2 0.610 0.932 0.109 0.080
2 0.552 0.884 0.099 0.079
0 0.524 0.768 0.159 0.114
0 0.768 0.791 0.109 0.094
0 0.867 0.750 0.100 0.074
0 0.747 0.668 0.065 0.126
0 0.768 0.585 0.099 0.069
0 0.636 0.559 0.116 0.079
0 0.536 0.598 0.145 0.077
0 0.484 0.515 0.123 0.117
0 0.453 0.149 0.171 0.134
0 0.341 0.220 0.156 0.128
0 0.219 0.242 0.119 0.134
0 0.529 0.284 0.152 0.146
0 0.668 0.392 0.145 0.097
0 0.646 0.478 0.133 0.072
0 0.534 0.421 0.115 0.103
0 0.617 0.106 0.126 0.096
0 0.532 0.039 0.121 0.074
0 0.291 0.071 0.125 0.100
0 0.189 0.929 0.043 0.029
0 0.241 0.947 0.043 0.031
0 0.220 0.980 0.044 0.031
