0 0.562 0.867 0.145 0.091
0 0.317 0.520 0.112 0.102
0 0.382 0.434 0.109 0.070
0 0.497 0.468 0.113 0.067
0 0.536 0.396 0.112 0.070
0 0.685 0.404 0.113 0.090
0 0.689 0.309 0.113 0.065
0 0.503 0.268 0.124 0.086
0 0.459 0.363 0.065 0.095
0 0.457 0.167 0.101 0.073
0 0.473 0.071 0.116 0.093
0 0.952 0.111 0.095 0.075
2 0.958 0.659 0.084 0.061
2 0.970 0.498 0.061 0.046
2 0.774 0.439 0.101 0.065
2 0.786 0.374 0.089 0.072
2 0.831 0.309 0.082 0.060
2 0.687 0.219 0.089 0.044
2 0.692 0.098 0.075 0.054
2 0.175 0.538 0.093 0.085
2 0.147 0.472 0.102 0.046
2 0.427 0.624 0.093 0.084
2 0.537 0.702 0.111 0.069
2 0.613 0.809 0.086 0.066
2 0.701 0.784 0.105 0.080
2 0.564 0.776 0.101 0.065
1 0.675 0.651 0.113 0.098
1 0.553 0.627 0.124 0.068
1 0.947 0.429 0.105 0.064
0 0.097 0.919 0.069 0.068
2 0.240 0.563 0.082 0.073
1 0.817 0.152 0.116 0.080
0 0.457 0.547 0.118 0.078
1 0.968 0.254 0.064 0.080
1 0.929 0.360 0.120 0.071
