2 0.685 0.789 0.087 0.080
2 0.489 0.871 0.096 0.096
0 0.408 0.838 0.102 0.100
0 0.525 0.783 0.106 0.105
0 0.403 0.680 0.105 0.113
0 0.390 0.551 0.134 0.093
0 0.127 0.464 0.141 0.110
0 0.043 0.934 0.084 0.132
0 0.498 0.471 0.089 0.109
0 0.562 0.602 0.092 0.108
0 0.634 0.690 0.115 0.114
0 0.737 0.698 0.101 0.131
0 0.845 0.680 0.101 0.124
0 0.825 0.542 0.117 0.079
0 0.650 0.530 0.117 0.107
0 0.757 0.440 0.134 0.071
0 0.612 0.270 0.157 0.111
0 0.562 0.096 0.137 0.128
0 0.388 0.182 0.089 0.118
0 0.381 0.306 0.120 0.097
0 0.712 0.353 0.117 0.113
0 0.508 0.163 0.130 0.104
0 0.487 0.321 0.097 0.095
0 0.235 0.270 0.031 0.026
0 0.185 0.252 0.039 0.030
0 0.272 0.251 0.035 0.029
0 0.167 0.297 0.032 0.031
0 0.122 0.267 0.022 0.032
