2 0.461 0.255 0.076 0.093
2 0.497 0.356 0.067 0.098
0 0.939 0.073 0.077 0.099
0 0.873 0.471 0.077 0.122
0 0.748 0.413 0.088 0.109
0 0.791 0.562 0.072 0.092
0 0.851 0.617 0.070 0.070
0 0.791 0.672 0.066 0.089
0 0.887 0.809 0.070 0.110
0 0.853 0.915 0.066 0.097
0 0.797 0.877 0.078 0.096
0 0.804 0.776 0.075 0.110
0 0.862 0.718 0.071 0.099
0 0.485 0.955 0.090 0.077
0 0.596 0.579 0.064 0.104
0 0.638 0.267 0.075 0.121
0 0.718 0.234 0.077 0.080
0 0.670 0.156 0.076 0.083
0 0.724 0.077 0.053 0.098
0 0.664 0.066 0.059 0.085
0 0.591 0.110 0.084 0.105
0 0.465 0.161 0.102 0.075
0 0.316 0.259 0.091 0.105
0 0.245 0.278 0.062 0.093
0 0.323 0.073 0.052 0.055
0 0.184 0.102 0.084 0.101
0 0.088 0.082 0.083 0.090
0 0.105 0.334 0.082 0.131
0 0.268 0.413 0.046 0.120
0 0.061 0.249 0.082 0.095
0 0.134 0.189 0.070 0.088
0 0.473 0.813 0.065 0.086
0 0.539 0.580 0.050 0.077
0 0.823 0.254 0.063 0.099
0 0.594 0.263 0.063 0.104
2 0.541 0.224 0.063 0.073
0 0.314 0.194 0.077 0.067
