0 0.271 0.294 0.145 0.077
0 0.394 0.048 0.123 0.076
0 0.253 0.421 0.141 0.081
0 0.415 0.371 0.094 0.061
0 0.648 0.357 0.105 0.076
0 0.454 0.468 0.111 0.065
0 0.653 0.489 0.131 0.060
0 0.389 0.580 0.101 0.066
0 0.514 0.628 0.115 0.084
0 0.519 0.713 0.101 0.075
0 0.630 0.593 0.088 0.067
1 0.538 0.052 0.078 0.068
2 0.630 0.052 0.092 0.079
2 0.712 0.133 0.097 0.069
2 0.799 0.160 0.108 0.052
2 0.844 0.222 0.106 0.068
2 0.577 0.216 0.092 0.069
2 0.451 0.198 0.116 0.066
2 0.408 0.126 0.115 0.067
2 0.354 0.151 0.078 0.060
2 0.292 0.186 0.092 0.055
2 0.201 0.155 0.094 0.046
2 0.199 0.103 0.127 0.046
2 0.197 0.037 0.116 0.067
2 0.423 0.654 0.099 0.066
2 0.249 0.644 0.105 0.076
2 0.293 0.716 0.112 0.072
2 0.430 0.717 0.110 0.055
2 0.693 0.751 0.101 0.066
2 0.566 0.773 0.143 0.060
2 0.701 0.900 0.088 0.067
2 0.745 0.934 0.088 0.061
2 0.633 0.925 0.102 0.072
0 0.633 0.675 0.094 0.062
0 0.740 0.512 0.072 0.066
0 0.913 0.531 0.100 0.069
0 0.787 0.578 0.092 0.071
0 0.959 0.606 0.082 0.088
0 0.551 0.438 0.114 0.061
0 0.572 0.509 0.108 0.059
0 0.390 0.291 0.108 0.061
0 0.369 0.212 0.110 0.064
0 0.317 0.541 0.107 0.060
0 0.132 0.880 0.097 0.057
0 0.071 0.972 0.133 0.056
2 0.685 0.810 0.098 0.058
