2 0.876 0.174 0.090 0.089
2 0.908 0.403 0.109 0.094
2 0.892 0.493 0.109 0.102
2 0.764 0.428 0.081 0.078
2 0.641 0.452 0.108 0.108
2 0.691 0.612 0.115 0.119
2 0.792 0.759 0.104 0.074
2 0.786 0.853 0.109 0.111
2 0.657 0.765 0.092 0.094
2 0.562 0.798 0.103 0.085
2 0.603 0.686 0.092 0.095
2 0.381 0.530 0.086 0.104
2 0.281 0.521 0.114 0.095
2 0.401 0.452 0.105 0.071
2 0.300 0.642 0.062 0.065
0 0.406 0.177 0.111 0.130
0 0.335 0.283 0.072 0.129
0 0.508 0.251 0.117 0.092
0 0.388 0.666 0.096 0.112
1 0.516 0.704 0.104 0.103
0 0.450 0.810 0.098 0.112
0 0.256 0.799 0.075 0.116
0 0.226 0.956 0.126 0.089
0 0.159 0.530 0.147 0.164
1 0.614 0.230 0.094 0.117
2 0.455 0.361 0.099 0.092
1 0.666 0.361 0.112 0.095
2 0.793 0.363 0.094 0.081
0 0.691 0.081 0.124 0.132
0 0.681 0.200 0.091 0.119
1 0.768 0.289 0.101 0.112
0 0.510 0.510 0.087 0.094
0 0.469 0.596 0.096 0.099
0 0.495 0.886 0.072 0.098
