2 0.187 0.355 0.116 0.116
2 0.230 0.484 0.135 0.127
2 0.375 0.489 0.108 0.113
2 0.371 0.374 0.110 0.105
2 0.544 0.580 0.130 0.134
2 0.689 0.551 0.114 0.105
2 0.686 0.816 0.107 0.134
2 0.766 0.871 0.083 0.107
2 0.624 0.863 0.107 0.132
0 0.594 0.265 0.104 0.106
0 0.476 0.337 0.156 0.144
0 0.341 0.246 0.150 0.105
0 0.411 0.048 0.129 0.094
0 0.636 0.078 0.151 0.114
0 0.617 0.412 0.116 0.117
0 0.472 0.487 0.110 0.120
2 0.680 0.654 0.100 0.096
0 0.930 0.151 0.103 0.119
0 0.796 0.235 0.100 0.128
0 0.738 0.118 0.087 0.116
0 0.264 0.170 0.131 0.116
0 0.057 0.783 0.113 0.103
0 0.212 0.963 0.155 0.074
2 0.457 0.595 0.067 0.082
