0 0.665 0.134 0.084 0.048
0 0.685 0.176 0.080 0.042
0 0.589 0.181 0.069 0.039
0 0.334 0.108 0.075 0.033
0 0.451 0.195 0.101 0.041
0 0.492 0.239 0.095 0.037
1 0.518 0.274 0.084 0.029
1 0.307 0.236 0.094 0.029
2 0.284 0.266 0.069 0.031
2 0.239 0.283 0.059 0.033
2 0.655 0.316 0.064 0.035
0 0.832 0.365 0.070 0.030
0 0.845 0.322 0.079 0.029
2 0.400 0.375 0.047 0.029
0 0.221 0.372 0.094 0.036
0 0.270 0.348 0.054 0.025
0 0.216 0.438 0.074 0.033
0 0.284 0.499 0.055 0.039
0 0.291 0.577 0.082 0.037
0 0.348 0.609 0.074 0.029
2 0.345 0.635 0.067 0.028
2 0.275 0.624 0.064 0.038
0 0.465 0.668 0.109 0.041
0 0.445 0.711 0.106 0.041
0 0.392 0.905 0.090 0.034
0 0.630 0.830 0.077 0.038
2 0.348 0.923 0.054 0.021
2 0.240 0.721 0.045 0.027
0 0.234 0.079 0.082 0.047
0 0.436 0.097 0.122 0.040
0 0.823 0.482 0.089 0.053
0 0.077 0.681 0.070 0.027
0 0.387 0.053 0.101 0.026
0 0.925 0.185 0.094 0.052
2 0.216 0.212 0.067 0.030
2 0.431 0.307 0.055 0.038
2 0.406 0.321 0.052 0.028
0 0.697 0.972 0.090 0.033
0 0.628 0.954 0.077 0.030
0 0.943 0.355 0.077 0.036
