2 0.074 0.058 0.066 0.067
2 0.142 0.050 0.060 0.068
2 0.222 0.282 0.095 0.095
2 0.242 0.208 0.140 0.072
2 0.380 0.279 0.096 0.107
2 0.297 0.308 0.102 0.077
2 0.283 0.375 0.103 0.075
2 0.502 0.411 0.093 0.079
2 0.590 0.414 0.087 0.072
2 0.447 0.461 0.076 0.074
2 0.774 0.158 0.109 0.050
2 0.669 0.553 0.100 0.083
2 0.777 0.655 0.106 0.084
2 0.694 0.645 0.102 0.075
1 0.881 0.610 0.095 0.104
1 0.929 0.511 0.115 0.093
1 0.824 0.450 0.111 0.085
1 0.959 0.417 0.083 0.096
1 0.854 0.803 0.125 0.116
1 0.954 0.858 0.092 0.117
1 0.676 0.751 0.118 0.095
1 0.594 0.806 0.114 0.102
1 0.528 0.768 0.119 0.096
0 0.065 0.963 0.109 0.075
1 0.598 0.497 0.115 0.098
1 0.538 0.265 0.103 0.058
1 0.025 0.612 0.048 0.092
1 0.593 0.666 0.098 0.084
1 0.162 0.945 0.108 0.085
1 0.499 0.676 0.096 0.074
1 0.822 0.537 0.102 0.074
1 0.430 0.763 0.106 0.098
1 0.708 0.481 0.086 0.069
1 0.751 0.432 0.108 0.072
