2 0.686 0.156 0.106 0.122
2 0.636 0.487 0.086 0.170
2 0.362 0.618 0.172 0.209
2 0.461 0.780 0.142 0.211
2 0.593 0.759 0.148 0.199
2 0.815 0.704 0.103 0.151
2 0.696 0.800 0.075 0.144
0 0.339 0.813 0.125 0.212
0 0.190 0.928 0.093 0.144
0 0.072 0.838 0.139 0.152
0 0.194 0.748 0.096 0.128
0 0.197 0.592 0.161 0.204
0 0.343 0.425 0.192 0.211
0 0.554 0.173 0.158 0.199
0 0.334 0.246 0.164 0.186
0 0.317 0.076 0.132 0.149
0 0.068 0.250 0.133 0.146
2 0.183 0.216 0.148 0.196
0 0.500 0.388 0.154 0.170
0 0.501 0.558 0.142 0.177
0 0.075 0.523 0.146 0.222
0 0.907 0.878 0.096 0.141
0 0.841 0.950 0.109 0.100
2 0.706 0.707 0.115 0.149
