0 0.541 0.076 0.066 0.101
0 0.536 0.194 0.084 0.104
0 0.502 0.294 0.084 0.102
0 0.203 0.223 0.070 0.103
0 0.145 0.347 0.089 0.127
0 0.140 0.648 0.058 0.082
0 0.200 0.673 0.061 0.092
0 0.315 0.622 0.072 0.097
0 0.408 0.600 0.078 0.107
0 0.124 0.867 0.079 0.089
0 0.712 0.193 0.049 0.053
0 0.694 0.791 0.067 0.084
0 0.773 0.789 0.061 0.071
0 0.695 0.893 0.066 0.079
0 0.777 0.860 0.057 0.071
0 0.828 0.897 0.045 0.071
0 0.868 0.934 0.050 0.074
0 0.667 0.450 0.063 0.078
0 0.136 0.452 0.064 0.085
0 0.265 0.161 0.076 0.110
0 0.325 0.111 0.076 0.090
0 0.383 0.332 0.050 0.102
0 0.701 0.391 0.079 0.095
0 0.262 0.720 0.087 0.097
0 0.420 0.842 0.065 0.082
0 0.227 0.776 0.071 0.071
0 0.851 0.733 0.058 0.083
0 0.661 0.187 0.051 0.059
0 0.239 0.529 0.068 0.076
0 0.168 0.564 0.082 0.103
0 0.081 0.561 0.070 0.082
0 0.603 0.478 0.065 0.076
