2 0.625 0.511 0.084 0.084
2 0.094 0.437 0.107 0.103
2 0.803 0.676 0.082 0.089
2 0.806 0.593 0.094 0.105
2 0.750 0.762 0.071 0.127
2 0.670 0.819 0.097 0.092
1 0.683 0.716 0.097 0.127
1 0.727 0.520 0.095 0.105
1 0.908 0.543 0.108 0.133
1 0.839 0.391 0.105 0.129
1 0.737 0.359 0.117 0.134
1 0.643 0.327 0.094 0.106
1 0.551 0.399 0.100 0.092
1 0.478 0.556 0.104 0.099
1 0.463 0.640 0.110 0.103
1 0.415 0.152 0.097 0.115
1 0.323 0.186 0.101 0.113
1 0.244 0.250 0.113 0.098
1 0.098 0.293 0.124 0.119
1 0.120 0.193 0.104 0.127
