2 0.778 0.594 0.055 0.068
2 0.777 0.547 0.047 0.065
2 0.823 0.560 0.044 0.069
1 0.754 0.504 0.063 0.071
0 0.737 0.436 0.055 0.074
0 0.706 0.350 0.053 0.093
0 0.723 0.224 0.072 0.099
0 0.819 0.267 0.054 0.074
0 0.847 0.312 0.044 0.077
0 0.879 0.326 0.030 0.073
0 0.901 0.279 0.036 0.084
0 0.951 0.257 0.062 0.080
0 0.970 0.336 0.060 0.097
0 0.913 0.174 0.056 0.075
0 0.959 0.186 0.044 0.051
0 0.860 0.214 0.040 0.053
0 0.829 0.127 0.051 0.057
0 0.751 0.084 0.045 0.074
0 0.727 0.873 0.042 0.088
0 0.763 0.876 0.044 0.082
0 0.613 0.857 0.061 0.072
0 0.628 0.923 0.028 0.072
0 0.573 0.819 0.064 0.081
0 0.553 0.733 0.061 0.101
0 0.547 0.641 0.068 0.090
0 0.556 0.564 0.056 0.095
0 0.545 0.226 0.061 0.080
0 0.469 0.304 0.062 0.065
0 0.393 0.220 0.060 0.081
0 0.419 0.483 0.055 0.078
0 0.359 0.510 0.058 0.066
0 0.464 0.527 0.068 0.075
0 0.430 0.588 0.049 0.081
0 0.484 0.598 0.055 0.075
0 0.482 0.683 0.061 0.082
0 0.486 0.778 0.050 0.107
0 0.539 0.918 0.047 0.078
0 0.413 0.743 0.060 0.122
0 0.393 0.902 0.054 0.094
0 0.307 0.852 0.051 0.114
0 0.255 0.882 0.050 0.068
0 0.242 0.804 0.064 0.113
0 0.342 0.676 0.066 0.071
0 0.213 0.506 0.062 0.090
0 0.179 0.392 0.060 0.110
0 0.224 0.294 0.073 0.094
0 0.147 0.292 0.068 0.106
0 0.226 0.721 0.075 0.085
