0 0.713 0.270 0.080 0.057
0 0.500 0.475 0.069 0.062
0 0.416 0.479 0.086 0.053
0 0.253 0.544 0.087 0.044
1 0.249 0.610 0.080 0.060
0 0.501 0.562 0.098 0.038
0 0.547 0.611 0.078 0.053
0 0.607 0.645 0.079 0.042
0 0.801 0.486 0.079 0.048
0 0.863 0.452 0.081 0.033
0 0.830 0.395 0.070 0.033
0 0.745 0.412 0.084 0.040
0 0.916 0.270 0.069 0.032
0 0.498 0.878 0.070 0.046
1 0.642 0.686 0.067 0.054
1 0.671 0.711 0.073 0.057
1 0.959 0.701 0.081 0.054
1 0.964 0.619 0.057 0.032
1 0.849 0.088 0.078 0.065
2 0.891 0.133 0.085 0.037
2 0.896 0.180 0.092 0.048
2 0.960 0.195 0.080 0.054
2 0.933 0.304 0.067 0.041
2 0.877 0.571 0.058 0.038
2 0.861 0.617 0.067 0.037
2 0.889 0.650 0.055 0.038
2 0.844 0.689 0.041 0.048
2 0.807 0.692 0.036 0.042
2 0.780 0.675 0.068 0.041
2 0.722 0.622 0.052 0.040
2 0.663 0.587 0.050 0.043
2 0.632 0.564 0.039 0.052
2 0.581 0.543 0.052 0.049
2 0.632 0.517 0.062 0.042
2 0.701 0.743 0.051 0.043
2 0.673 0.798 0.069 0.036
2 0.717 0.828 0.061 0.051
2 0.503 0.833 0.032 0.037
2 0.461 0.832 0.060 0.050
2 0.412 0.799 0.068 0.059
2 0.394 0.724 0.061 0.053
2 0.332 0.737 0.072 0.051
2 0.295 0.701 0.069 0.059
0 0.309 0.438 0.041 0.044
