2 0.960 0.369 0.079 0.049
2 0.947 0.311 0.104 0.053
2 0.747 0.248 0.070 0.041
2 0.056 0.214 0.084 0.050
2 0.139 0.151 0.037 0.036
1 0.662 0.240 0.089 0.040
1 0.314 0.430 0.044 0.037
0 0.924 0.175 0.107 0.050
0 0.925 0.244 0.109 0.057
0 0.637 0.159 0.065 0.048
0 0.649 0.198 0.094 0.043
0 0.551 0.233 0.068 0.039
0 0.546 0.300 0.057 0.040
0 0.652 0.315 0.071 0.044
0 0.619 0.382 0.076 0.047
0 0.682 0.388 0.070 0.052
0 0.769 0.389 0.057 0.036
0 0.864 0.397 0.055 0.026
0 0.764 0.433 0.071 0.036
0 0.679 0.460 0.086 0.042
0 0.834 0.726 0.096 0.048
0 0.825 0.816 0.097 0.054
0 0.950 0.853 0.100 0.050
0 0.928 0.895 0.105 0.042
0 0.882 0.929 0.081 0.047
0 0.806 0.944 0.107 0.057
0 0.798 0.881 0.087 0.056
0 0.627 0.742 0.053 0.045
0 0.543 0.735 0.071 0.055
0 0.456 0.753 0.074 0.047
0 0.402 0.730 0.068 0.040
0 0.534 0.658 0.068 0.045
0 0.313 0.579 0.071 0.034
0 0.329 0.531 0.073 0.043
0 0.253 0.590 0.079 0.044
0 0.227 0.546 0.063 0.031
0 0.072 0.806 0.049 0.038
0 0.091 0.859 0.040 0.035
0 0.615 0.961 0.050 0.039
0 0.364 0.363 0.074 0.040
0 0.380 0.306 0.081 0.033
0 0.432 0.256 0.066 0.040
0 0.429 0.215 0.076 0.042
0 0.322 0.189 0.083 0.048
0 0.290 0.234 0.079 0.047
0 0.256 0.274 0.073 0.042
0 0.247 0.310 0.052 0.029
0 0.195 0.286 0.049 0.034
0 0.233 0.195 0.070 0.034
0 0.187 0.153 0.062 0.038
0 0.219 0.072 0.058 0.033
0 0.133 0.111 0.063 0.037
0 0.078 0.124 0.079 0.041
0 0.071 0.163 0.079 0.050
0 0.150 0.331 0.068 0.040
0 0.193 0.353 0.060 0.052
0 0.254 0.392 0.073 0.043
0 0.560 0.490 0.092 0.047
0 0.024 0.359 0.046 0.039
