2 0.446 0.775 0.064 0.046
2 0.490 0.827 0.055 0.041
2 0.482 0.859 0.071 0.035
0 0.660 0.910 0.066 0.035
0 0.681 0.952 0.042 0.034
0 0.861 0.954 0.062 0.028
0 0.832 0.758 0.049 0.021
0 0.922 0.781 0.049 0.021
0 0.696 0.690 0.039 0.035
0 0.298 0.616 0.064 0.042
0 0.322 0.557 0.055 0.038
0 0.404 0.545 0.061 0.040
0 0.409 0.490 0.054 0.032
0 0.409 0.449 0.076 0.048
0 0.403 0.390 0.057 0.043
0 0.481 0.397 0.059 0.037
0 0.500 0.357 0.053 0.049
0 0.677 0.297 0.050 0.040
0 0.628 0.158 0.069 0.037
0 0.478 0.174 0.068 0.039
0 0.274 0.351 0.048 0.036
0 0.221 0.337 0.046 0.036
0 0.216 0.297 0.061 0.038
0 0.206 0.251 0.057 0.034
0 0.264 0.218 0.050 0.032
0 0.195 0.192 0.064 0.038
0 0.266 0.105 0.061 0.032
0 0.201 0.051 0.059 0.030
0 0.113 0.417 0.042 0.022
0 0.046 0.440 0.053 0.043
0 0.110 0.507 0.051 0.039
0 0.059 0.509 0.052 0.038
0 0.054 0.539 0.064 0.033
0 0.129 0.660 0.057 0.038
2 0.805 0.128 0.056 0.038
1 0.749 0.969 0.052 0.037
