0 0.799 0.103 0.092 0.040
0 0.757 0.175 0.082 0.052
0 0.595 0.604 0.085 0.087
0 0.440 0.636 0.050 0.057
0 0.349 0.620 0.069 0.068
0 0.082 0.502 0.088 0.070
0 0.603 0.742 0.074 0.068
1 0.640 0.300 0.101 0.045
1 0.582 0.189 0.099 0.048
1 0.533 0.268 0.079 0.052
1 0.292 0.324 0.069 0.068
1 0.331 0.523 0.083 0.076
1 0.298 0.569 0.078 0.077
1 0.616 0.555 0.059 0.046
1 0.499 0.109 0.052 0.054
2 0.574 0.020 0.065 0.038
2 0.606 0.085 0.051 0.049
2 0.645 0.100 0.029 0.051
2 0.592 0.150 0.059 0.043
2 0.462 0.074 0.049 0.035
2 0.374 0.173 0.050 0.051
2 0.466 0.189 0.057 0.046
2 0.513 0.319 0.050 0.043
2 0.552 0.350 0.034 0.041
2 0.590 0.356 0.035 0.065
2 0.664 0.340 0.093 0.032
2 0.645 0.456 0.055 0.039
2 0.587 0.507 0.067 0.048
2 0.537 0.474 0.060 0.048
2 0.458 0.495 0.068 0.045
2 0.471 0.535 0.058 0.035
2 0.412 0.436 0.088 0.051
2 0.472 0.425 0.062 0.059
2 0.232 0.320 0.076 0.065
2 0.133 0.391 0.069 0.050
2 0.259 0.614 0.090 0.071
2 0.198 0.641 0.067 0.059
2 0.636 0.847 0.082 0.055
2 0.634 0.896 0.092 0.065
2 0.585 0.924 0.044 0.046
2 0.529 0.919 0.082 0.063
0 0.880 0.192 0.083 0.068
