1 0.301 0.400 0.074 0.084
1 0.236 0.389 0.071 0.087
1 0.540 0.241 0.068 0.069
1 0.596 0.180 0.062 0.066
1 0.900 0.893 0.075 0.067
1 0.697 0.668 0.061 0.064
2 0.851 0.942 0.057 0.085
2 0.793 0.936 0.068 0.061
1 0.769 0.875 0.086 0.068
1 0.866 0.812 0.065 0.047
0 0.773 0.804 0.069 0.049
0 0.747 0.729 0.071 0.074
0 0.768 0.667 0.063 0.068
0 0.832 0.668 0.073 0.078
0 0.909 0.642 0.069 0.082
0 0.868 0.571 0.067 0.074
0 0.927 0.570 0.045 0.055
0 0.867 0.495 0.068 0.075
0 0.925 0.502 0.056 0.068
0 0.925 0.446 0.052 0.057
0 0.875 0.414 0.062 0.075
0 0.853 0.326 0.083 0.070
0 0.922 0.290 0.078 0.064
0 0.892 0.200 0.080 0.100
0 0.763 0.160 0.069 0.049
0 0.746 0.270 0.067 0.058
0 0.776 0.362 0.057 0.073
0 0.763 0.435 0.059 0.064
0 0.746 0.498 0.057 0.054
0 0.740 0.561 0.068 0.074
0 0.619 0.627 0.082 0.056
0 0.611 0.684 0.082 0.072
0 0.603 0.763 0.076 0.099
0 0.531 0.774 0.070 0.093
0 0.498 0.708 0.089 0.059
0 0.531 0.649 0.057 0.068
1 0.652 0.181 0.067 0.074
0 0.648 0.104 0.065 0.059
0 0.305 0.093 0.059 0.068
0 0.302 0.168 0.079 0.072
0 0.206 0.050 0.069 0.068
0 0.232 0.304 0.073 0.068
0 0.310 0.290 0.070 0.073
0 0.215 0.497 0.083 0.065
0 0.202 0.597 0.103 0.072
0 0.210 0.674 0.116 0.081
0 0.363 0.752 0.078 0.072
0 0.226 0.745 0.083 0.086
0 0.259 0.793 0.070 0.061
0 0.278 0.863 0.075 0.099
0 0.349 0.908 0.067 0.084
0 0.226 0.246 0.076 0.080
