1 0.377 0.254 0.058 0.061
1 0.352 0.201 0.034 0.055
1 0.358 0.091 0.034 0.043
2 0.903 0.263 0.049 0.076
2 0.959 0.221 0.050 0.087
2 0.965 0.143 0.056 0.102
2 0.680 0.661 0.062 0.061
2 0.440 0.948 0.052 0.063
2 0.354 0.925 0.055 0.054
2 0.300 0.239 0.050 0.065
2 0.262 0.322 0.039 0.044
2 0.307 0.334 0.042 0.046
2 0.282 0.368 0.042 0.048
2 0.481 0.094 0.039 0.033
2 0.466 0.055 0.024 0.033
2 0.539 0.049 0.035 0.057
0 0.689 0.376 0.052 0.061
0 0.630 0.376 0.067 0.076
0 0.795 0.538 0.077 0.092
0 0.769 0.749 0.058 0.067
0 0.407 0.589 0.050 0.054
0 0.283 0.581 0.060 0.057
0 0.257 0.403 0.049 0.055
0 0.323 0.786 0.045 0.067
0 0.091 0.915 0.076 0.067
0 0.112 0.974 0.050 0.052
0 0.212 0.139 0.043 0.067
0 0.167 0.149 0.048 0.061
0 0.076 0.054 0.042 0.063
2 0.482 0.348 0.042 0.044
0 0.414 0.136 0.038 0.043
0 0.532 0.284 0.039 0.054
0 0.062 0.821 0.036 0.063
0 0.282 0.908 0.036 0.074
