2 0.410 0.230 0.063 0.061
2 0.381 0.183 0.043 0.065
2 0.428 0.166 0.054 0.074
2 0.239 0.335 0.041 0.052
0 0.143 0.263 0.077 0.074
0 0.195 0.363 0.057 0.086
0 0.181 0.444 0.068 0.073
0 0.174 0.537 0.076 0.084
0 0.148 0.628 0.052 0.067
0 0.102 0.612 0.055 0.073
0 0.291 0.536 0.061 0.071
0 0.239 0.594 0.058 0.074
0 0.265 0.638 0.061 0.073
0 0.254 0.734 0.055 0.063
0 0.309 0.709 0.039 0.067
0 0.371 0.662 0.063 0.065
0 0.363 0.534 0.058 0.056
0 0.337 0.347 0.047 0.050
0 0.639 0.305 0.059 0.097
0 0.733 0.260 0.090 0.117
0 0.719 0.377 0.065 0.117
0 0.666 0.452 0.072 0.106
0 0.586 0.542 0.081 0.104
0 0.777 0.653 0.069 0.084
0 0.773 0.754 0.048 0.060
0 0.679 0.768 0.066 0.084
0 0.669 0.826 0.050 0.043
0 0.737 0.855 0.054 0.063
0 0.719 0.923 0.051 0.058
0 0.648 0.935 0.051 0.063
0 0.595 0.809 0.048 0.058
0 0.484 0.696 0.069 0.078
0 0.426 0.762 0.061 0.078
0 0.513 0.774 0.061 0.073
0 0.472 0.811 0.043 0.047
0 0.670 0.542 0.065 0.067
0 0.126 0.401 0.066 0.084
