0 0.630 0.380 0.106 0.058
0 0.748 0.476 0.072 0.071
0 0.765 0.559 0.102 0.076
0 0.497 0.679 0.108 0.062
0 0.378 0.699 0.089 0.079
0 0.932 0.874 0.096 0.077
0 0.366 0.924 0.060 0.056
2 0.796 0.619 0.107 0.050
2 0.822 0.673 0.084 0.064
0 0.381 0.827 0.067 0.067
0 0.222 0.582 0.095 0.069
0 0.816 0.784 0.081 0.060
2 0.036 0.728 0.060 0.048
0 0.970 0.813 0.059 0.062
0 0.070 0.226 0.069 0.050
0 0.244 0.220 0.059 0.051
0 0.868 0.834 0.085 0.062
0 0.529 0.031 0.069 0.055
0 0.132 0.655 0.073 0.069
2 0.859 0.608 0.049 0.042
