0 0.739 0.071 0.099 0.084
0 0.752 0.163 0.098 0.091
0 0.747 0.244 0.106 0.072
0 0.734 0.329 0.099 0.076
0 0.866 0.208 0.111 0.081
0 0.851 0.291 0.109 0.080
0 0.854 0.459 0.101 0.099
0 0.835 0.370 0.093 0.068
0 0.793 0.524 0.092 0.094
0 0.711 0.506 0.095 0.088
0 0.706 0.661 0.105 0.099
0 0.710 0.744 0.093 0.082
0 0.792 0.735 0.079 0.071
0 0.799 0.806 0.098 0.073
0 0.783 0.882 0.124 0.090
0 0.695 0.897 0.083 0.107
0 0.655 0.809 0.085 0.089
0 0.582 0.797 0.076 0.073
0 0.561 0.686 0.103 0.064
0 0.234 0.841 0.095 0.079
0 0.224 0.756 0.073 0.076
0 0.349 0.751 0.086 0.054
0 0.209 0.941 0.068 0.067
0 0.107 0.425 0.104 0.101
0 0.140 0.348 0.092 0.050
0 0.156 0.206 0.106 0.090
0 0.160 0.117 0.093 0.081
0 0.384 0.085 0.084 0.081
0 0.329 0.163 0.100 0.076
0 0.417 0.188 0.077 0.084
0 0.401 0.263 0.119 0.077
0 0.496 0.393 0.092 0.066
0 0.357 0.407 0.093 0.087
0 0.302 0.334 0.098 0.098
0 0.290 0.238 0.103 0.087
0 0.425 0.339 0.104 0.072
0 0.184 0.459 0.099 0.100
0 0.347 0.812 0.066 0.068
0 0.633 0.712 0.083 0.069
0 0.739 0.567 0.054 0.050
0 0.175 0.288 0.111 0.070
0 0.288 0.876 0.065 0.065
0 0.269 0.942 0.063 0.065
0 0.258 0.159 0.079 0.084
