0 0.302 0.096 0.137 0.076
0 0.426 0.109 0.170 0.054
0 0.311 0.201 0.156 0.072
0 0.497 0.201 0.150 0.078
0 0.479 0.454 0.125 0.067
0 0.868 0.461 0.118 0.062
0 0.755 0.642 0.150 0.050
0 0.827 0.698 0.135 0.077
0 0.921 0.703 0.089 0.077
0 0.425 0.675 0.133 0.047
0 0.199 0.576 0.118 0.054
0 0.221 0.647 0.156 0.071
0 0.169 0.707 0.106 0.048
1 0.228 0.738 0.129 0.058
0 0.438 0.816 0.179 0.078
0 0.246 0.898 0.118 0.065
0 0.352 0.922 0.164 0.059
0 0.419 0.738 0.121 0.058
0 0.508 0.730 0.087 0.070
0 0.358 0.352 0.162 0.065
0 0.801 0.590 0.145 0.048
0 0.923 0.558 0.116 0.051
0 0.763 0.402 0.100 0.054
0 0.343 0.572 0.139 0.060
0 0.039 0.515 0.075 0.042
0 0.565 0.772 0.127 0.064
0 0.674 0.311 0.066 0.048
0 0.530 0.255 0.116 0.067
0 0.357 0.286 0.156 0.076
