0 0.131 0.558 0.103 0.132
0 0.217 0.588 0.095 0.129
0 0.283 0.510 0.117 0.130
0 0.298 0.387 0.090 0.115
0 0.657 0.650 0.072 0.086
0 0.836 0.560 0.085 0.111
0 0.795 0.472 0.080 0.118
0 0.780 0.354 0.070 0.122
0 0.746 0.230 0.092 0.113
0 0.829 0.119 0.075 0.097
0 0.922 0.602 0.091 0.127
0 0.179 0.197 0.091 0.120
0 0.215 0.313 0.072 0.109
0 0.411 0.535 0.088 0.137
0 0.599 0.557 0.080 0.093
0 0.837 0.265 0.051 0.114
0 0.754 0.939 0.085 0.098
0 0.734 0.643 0.069 0.113
0 0.463 0.555 0.054 0.114
0 0.647 0.143 0.031 0.115
