1 0.792 0.115 0.071 0.136
0 0.672 0.276 0.072 0.132
1 0.710 0.354 0.069 0.106
2 0.898 0.560 0.060 0.109
2 0.839 0.511 0.062 0.094
2 0.795 0.612 0.051 0.077
2 0.820 0.713 0.047 0.091
2 0.774 0.759 0.038 0.064
2 0.714 0.791 0.039 0.082
2 0.674 0.734 0.058 0.101
2 0.591 0.790 0.065 0.100
2 0.543 0.911 0.036 0.050
2 0.488 0.917 0.043 0.079
2 0.504 0.821 0.058 0.080
2 0.488 0.738 0.058 0.088
2 0.421 0.728 0.043 0.077
2 0.411 0.848 0.042 0.056
2 0.415 0.915 0.048 0.079
2 0.381 0.911 0.029 0.047
2 0.349 0.910 0.033 0.041
2 0.359 0.852 0.039 0.077
2 0.314 0.867 0.043 0.082
2 0.247 0.819 0.043 0.074
2 0.325 0.610 0.036 0.054
2 0.360 0.643 0.030 0.045
2 0.266 0.695 0.029 0.050
2 0.112 0.591 0.045 0.071
2 0.034 0.340 0.039 0.071
2 0.045 0.310 0.027 0.036
2 0.079 0.291 0.047 0.110
0 0.125 0.222 0.058 0.098
1 0.168 0.130 0.045 0.085
0 0.252 0.157 0.059 0.124
1 0.328 0.140 0.055 0.107
2 0.394 0.050 0.050 0.085
2 0.381 0.382 0.055 0.101
2 0.377 0.557 0.052 0.089
2 0.283 0.533 0.048 0.085
1 0.156 0.564 0.055 0.101
1 0.072 0.564 0.049 0.112
2 0.508 0.502 0.060 0.098
1 0.603 0.570 0.065 0.101
1 0.617 0.657 0.072 0.083
0 0.595 0.921 0.065 0.100
0 0.147 0.945 0.055 0.095
0 0.019 0.678 0.036 0.094
0 0.943 0.517 0.050 0.129
0 0.734 0.152 0.046 0.110
0 0.629 0.163 0.052 0.095
2 0.818 0.316 0.063 0.097
1 0.437 0.399 0.058 0.100
1 0.734 0.457 0.061 0.097
1 0.332 0.357 0.054 0.100
1 0.736 0.052 0.046 0.074
0 0.223 0.061 0.049 0.101
0 0.140 0.705 0.041 0.076
0 0.171 0.776 0.043 0.076
0 0.024 0.540 0.047 0.079
0 0.193 0.974 0.060 0.053
0 0.252 0.956 0.060 0.088
0 0.216 0.799 0.030 0.064
0 0.152 0.474 0.057 0.077
0 0.091 0.383 0.060 0.088
0 0.638 0.769 0.065 0.112
0 0.835 0.018 0.026 0.033
0 0.489 0.146 0.071 0.113
0 0.174 0.380 0.046 0.062
0 0.149 0.410 0.064 0.076
0 0.195 0.555 0.037 0.112
0 0.400 0.129 0.020 0.048
0 0.808 0.039 0.026 0.036
0 0.959 0.442 0.062 0.118
2 0.877 0.393 0.065 0.104
2 0.599 0.373 0.044 0.083
2 0.433 0.501 0.062 0.100
2 0.233 0.387 0.028 0.050
2 0.027 0.247 0.050 0.086
2 0.300 0.777 0.032 0.071
2 0.458 0.937 0.039 0.065
2 0.314 0.700 0.031 0.048
2 0.232 0.677 0.035 0.074
0 0.708 0.708 0.045 0.085
2 0.287 0.293 0.054 0.079
2 0.495 0.419 0.047 0.061
2 0.646 0.551 0.036 0.089
0 0.674 0.847 0.023 0.036
0 0.835 0.609 0.053 0.104
2 0.750 0.542 0.040 0.062
2 0.027 0.250 0.051 0.083
