2 0.336 0.629 0.074 0.057
2 0.274 0.662 0.077 0.060
2 0.243 0.590 0.098 0.056
1 0.151 0.615 0.087 0.054
1 0.299 0.505 0.094 0.060
1 0.250 0.427 0.084 0.057
1 0.418 0.826 0.079 0.065
1 0.379 0.874 0.072 0.053
0 0.540 0.565 0.087 0.066
0 0.482 0.581 0.043 0.055
0 0.463 0.487 0.104 0.062
0 0.711 0.531 0.087 0.056
0 0.628 0.372 0.130 0.061
0 0.435 0.391 0.067 0.049
0 0.358 0.334 0.083 0.069
0 0.299 0.277 0.093 0.057
0 0.142 0.269 0.112 0.072
0 0.053 0.200 0.069 0.088
0 0.435 0.162 0.093 0.094
0 0.626 0.177 0.112 0.072
0 0.634 0.257 0.095 0.064
0 0.546 0.273 0.105 0.062
0 0.481 0.321 0.079 0.054
0 0.975 0.865 0.049 0.066
0 0.202 0.114 0.070 0.057
1 0.335 0.070 0.104 0.072
1 0.209 0.056 0.065 0.078
0 0.254 0.363 0.084 0.043
0 0.421 0.764 0.065 0.057
0 0.518 0.962 0.137 0.054
0 0.961 0.931 0.038 0.048
0 0.040 0.388 0.074 0.053
0 0.636 0.557 0.066 0.065
0 0.761 0.577 0.091 0.056
0 0.198 0.530 0.080 0.051
0 0.132 0.208 0.090 0.054
0 0.095 0.093 0.073 0.058
0 0.034 0.102 0.055 0.072
0 0.636 0.047 0.094 0.073
0 0.975 0.714 0.050 0.056
0 0.975 0.541 0.049 0.078
0 0.917 0.344 0.083 0.054
0 0.305 0.865 0.077 0.071
0 0.980 0.445 0.039 0.046
0 0.150 0.063 0.065 0.055
0 0.436 0.884 0.039 0.031
