0 0.084 0.945 0.065 0.092
0 0.266 0.645 0.071 0.071
0 0.378 0.636 0.081 0.069
0 0.356 0.569 0.083 0.069
0 0.359 0.491 0.060 0.058
0 0.339 0.421 0.089 0.065
0 0.201 0.539 0.047 0.056
0 0.569 0.035 0.077 0.068
0 0.642 0.145 0.075 0.074
0 0.601 0.566 0.049 0.076
0 0.638 0.608 0.046 0.054
0 0.546 0.489 0.042 0.057
0 0.588 0.106 0.064 0.063
0 0.407 0.214 0.071 0.061
0 0.355 0.333 0.060 0.065
0 0.470 0.295 0.058 0.049
0 0.200 0.374 0.052 0.056
0 0.277 0.561 0.064 0.062
0 0.331 0.830 0.064 0.055
0 0.100 0.771 0.047 0.037
0 0.182 0.610 0.034 0.052
0 0.217 0.691 0.052 0.055
0 0.899 0.506 0.048 0.061
0 0.696 0.096 0.075 0.062
0 0.339 0.172 0.065 0.062
0 0.215 0.186 0.071 0.081
0 0.294 0.231 0.051 0.042
0 0.549 0.438 0.055 0.046
0 0.235 0.928 0.045 0.063
0 0.339 0.894 0.046 0.058
0 0.150 0.872 0.078 0.071
0 0.155 0.749 0.057 0.048
0 0.025 0.229 0.047 0.063
0 0.314 0.111 0.051 0.063
0 0.282 0.496 0.080 0.060
0 0.256 0.424 0.066 0.072
0 0.269 0.913 0.039 0.057
0 0.123 0.918 0.063 0.064
0 0.040 0.935 0.028 0.078
0 0.910 0.722 0.045 0.047
0 0.945 0.586 0.037 0.052
0 0.625 0.509 0.042 0.062
0 0.208 0.090 0.049 0.045
0 0.449 0.385 0.047 0.060
0 0.388 0.380 0.065 0.058
0 0.535 0.398 0.052 0.033
0 0.489 0.394 0.036 0.034
0 0.265 0.865 0.051 0.031
0 0.542 0.081 0.076 0.057
0 0.511 0.151 0.054 0.066
0 0.767 0.015 0.068 0.029
