2 0.914 0.513 0.067 0.065
2 0.922 0.454 0.070 0.061
2 0.862 0.509 0.044 0.068
2 0.784 0.433 0.065 0.069
2 0.644 0.644 0.057 0.059
1 0.636 0.481 0.084 0.059
1 0.700 0.444 0.047 0.070
1 0.631 0.418 0.092 0.071
0 0.623 0.347 0.078 0.072
0 0.743 0.240 0.069 0.061
0 0.767 0.163 0.071 0.079
0 0.690 0.166 0.083 0.074
0 0.395 0.612 0.083 0.065
0 0.543 0.924 0.084 0.079
0 0.566 0.862 0.085 0.071
0 0.351 0.839 0.094 0.068
0 0.363 0.761 0.081 0.076
0 0.344 0.948 0.069 0.062
0 0.278 0.918 0.054 0.080
0 0.247 0.792 0.073 0.068
0 0.245 0.159 0.100 0.078
0 0.137 0.123 0.089 0.066
0 0.236 0.282 0.079 0.056
0 0.267 0.357 0.083 0.060
0 0.121 0.303 0.089 0.069
1 0.148 0.409 0.085 0.069
1 0.278 0.485 0.080 0.071
1 0.257 0.541 0.072 0.076
0 0.267 0.416 0.070 0.062
0 0.425 0.519 0.054 0.077
0 0.385 0.874 0.063 0.071
0 0.303 0.848 0.070 0.078
0 0.293 0.701 0.077 0.071
0 0.300 0.634 0.067 0.069
0 0.322 0.556 0.060 0.062
0 0.088 0.423 0.051 0.077
0 0.137 0.216 0.073 0.068
0 0.488 0.441 0.067 0.060
0 0.840 0.284 0.070 0.078
0 0.665 0.316 0.063 0.068
0 0.499 0.374 0.070 0.057
0 0.197 0.246 0.069 0.037
0 0.257 0.087 0.077 0.069
0 0.253 0.029 0.068 0.056
0 0.334 0.138 0.060 0.039
1 0.834 0.459 0.060 0.071
1 0.767 0.363 0.068 0.062
1 0.728 0.312 0.060 0.055
1 0.896 0.401 0.064 0.061
1 0.517 0.973 0.046 0.040
2 0.247 0.586 0.054 0.054
2 0.203 0.564 0.038 0.056
2 0.601 0.631 0.029 0.056
2 0.036 0.628 0.048 0.054
0 0.866 0.337 0.063 0.051
0 0.959 0.331 0.037 0.030
0 0.690 0.980 0.056 0.040
0 0.046 0.558 0.050 0.059
2 0.053 0.478 0.048 0.064
0 0.079 0.329 0.039 0.039
