2 0.231 0.271 0.079 0.079
2 0.320 0.372 0.083 0.055
2 0.370 0.414 0.059 0.050
2 0.435 0.406 0.063 0.058
2 0.435 0.338 0.088 0.062
2 0.530 0.354 0.077 0.049
2 0.535 0.414 0.067 0.070
2 0.599 0.419 0.055 0.071
2 0.666 0.409 0.097 0.075
1 0.728 0.500 0.083 0.077
1 0.525 0.287 0.078 0.048
1 0.139 0.719 0.072 0.063
1 0.688 0.900 0.084 0.057
1 0.021 0.141 0.040 0.071
1 0.023 0.060 0.044 0.050
1 0.197 0.191 0.097 0.063
1 0.230 0.115 0.115 0.074
1 0.266 0.049 0.111 0.066
1 0.320 0.303 0.093 0.076
1 0.510 0.215 0.074 0.067
1 0.643 0.156 0.086 0.064
1 0.661 0.262 0.083 0.088
0 0.854 0.227 0.073 0.094
0 0.522 0.116 0.068 0.070
0 0.350 0.118 0.072 0.062
0 0.355 0.207 0.082 0.082
0 0.730 0.362 0.081 0.064
0 0.062 0.465 0.093 0.073
0 0.199 0.500 0.093 0.075
0 0.055 0.618 0.079 0.057
0 0.059 0.695 0.083 0.081
0 0.403 0.763 0.084 0.057
0 0.622 0.935 0.077 0.067
0 0.571 0.874 0.111 0.084
0 0.531 0.813 0.119 0.083
0 0.656 0.791 0.087 0.077
0 0.778 0.755 0.096 0.060
0 0.695 0.714 0.084 0.071
0 0.687 0.623 0.086 0.065
0 0.681 0.547 0.083 0.069
0 0.504 0.685 0.087 0.063
0 0.520 0.611 0.091 0.064
0 0.543 0.512 0.110 0.074
0 0.410 0.505 0.097 0.057
0 0.348 0.700 0.093 0.068
0 0.272 0.718 0.081 0.079
0 0.256 0.631 0.076 0.081
0 0.337 0.618 0.071 0.055
0 0.189 0.595 0.079 0.060
0 0.274 0.554 0.090 0.063
0 0.093 0.125 0.097 0.081
1 0.779 0.679 0.072 0.053
0 0.739 0.212 0.066 0.054
0 0.811 0.108 0.088 0.062
0 0.561 0.581 0.068 0.067
0 0.074 0.387 0.083 0.056
0 0.226 0.318 0.091 0.050
0 0.533 0.744 0.096 0.056
0 0.781 0.080 0.103 0.049
0 0.407 0.020 0.101 0.039
0 0.613 0.014 0.078 0.026
0 0.456 0.179 0.082 0.069
1 0.716 0.853 0.079 0.065
0 0.113 0.244 0.073 0.071
0 0.255 0.484 0.071 0.068
0 0.339 0.767 0.042 0.040
