0 0.157 0.157 0.191 0.176
0 0.321 0.185 0.140 0.151
0 0.242 0.311 0.147 0.116
0 0.152 0.446 0.153 0.124
0 0.087 0.572 0.126 0.140
0 0.741 0.386 0.150 0.162
0 0.707 0.631 0.125 0.157
0 0.651 0.840 0.116 0.142
2 0.565 0.910 0.080 0.084
2 0.502 0.913 0.056 0.063
0 0.535 0.204 0.170 0.146
0 0.566 0.357 0.166 0.171
0 0.795 0.801 0.100 0.082
0 0.145 0.324 0.150 0.148
0 0.903 0.780 0.123 0.151
0 0.809 0.101 0.043 0.042
0 0.912 0.343 0.027 0.043
0 0.905 0.301 0.027 0.035
0 0.880 0.353 0.032 0.034
0 0.953 0.419 0.030 0.045
0 0.291 0.742 0.124 0.106
0 0.683 0.207 0.035 0.042
0 0.812 0.058 0.036 0.039
0 0.914 0.047 0.040 0.046
0 0.985 0.112 0.029 0.037
0 0.918 0.185 0.036 0.042
0 0.772 0.033 0.036 0.041
2 0.812 0.199 0.035 0.043
2 0.759 0.177 0.030 0.028
2 0.879 0.097 0.030 0.035
2 0.799 0.154 0.031 0.036
2 0.930 0.133 0.033 0.034
2 0.976 0.144 0.030 0.027
2 0.935 0.098 0.033 0.031
2 0.838 0.169 0.033 0.039
2 0.830 0.227 0.033 0.045
2 0.369 0.423 0.034 0.037
0 0.657 0.076 0.041 0.034
0 0.799 0.014 0.044 0.025
0 0.848 0.042 0.036 0.047
0 0.963 0.582 0.072 0.119
0 0.686 0.508 0.150 0.148
0 0.559 0.523 0.132 0.175
0 0.556 0.704 0.135 0.154
0 0.683 0.762 0.105 0.125
0 0.491 0.900 0.133 0.171
0 0.796 0.976 0.098 0.048
