0 0.385 0.820 0.125 0.200
0 0.186 0.612 0.126 0.127
1 0.225 0.778 0.097 0.104
1 0.921 0.284 0.121 0.181
2 0.733 0.245 0.092 0.146
2 0.651 0.342 0.099 0.129
2 0.509 0.247 0.103 0.130
2 0.482 0.357 0.065 0.083
2 0.543 0.438 0.074 0.104
2 0.478 0.493 0.074 0.087
2 0.579 0.540 0.115 0.096
2 0.578 0.645 0.075 0.106
2 0.606 0.741 0.087 0.083
2 0.672 0.803 0.048 0.125
2 0.756 0.623 0.092 0.130
2 0.838 0.584 0.072 0.106
2 0.815 0.439 0.116 0.117
2 0.521 0.837 0.058 0.079
2 0.569 0.196 0.085 0.142
0 0.925 0.147 0.099 0.121
0 0.955 0.055 0.091 0.106
0 0.044 0.838 0.074 0.104
2 0.794 0.218 0.060 0.161
