2 0.961 0.028 0.039 0.054
2 0.926 0.040 0.031 0.077
2 0.889 0.049 0.026 0.089
2 0.864 0.030 0.028 0.051
2 0.908 0.254 0.024 0.048
2 0.877 0.195 0.030 0.086
2 0.842 0.204 0.029 0.065
2 0.814 0.256 0.018 0.050
2 0.951 0.968 0.032 0.063
2 0.883 0.943 0.031 0.048
2 0.895 0.844 0.033 0.067
2 0.863 0.854 0.037 0.098
2 0.848 0.965 0.029 0.070
2 0.811 0.909 0.046 0.075
2 0.676 0.717 0.034 0.088
2 0.637 0.784 0.037 0.082
2 0.623 0.677 0.038 0.067
2 0.584 0.561 0.029 0.061
2 0.572 0.489 0.033 0.071
2 0.549 0.294 0.032 0.080
2 0.487 0.297 0.034 0.089
2 0.494 0.178 0.025 0.059
2 0.444 0.228 0.022 0.036
2 0.451 0.183 0.018 0.034
2 0.429 0.243 0.026 0.051
2 0.372 0.115 0.036 0.074
2 0.383 0.021 0.044 0.037
2 0.359 0.177 0.032 0.080
2 0.334 0.183 0.026 0.082
2 0.319 0.103 0.028 0.065
2 0.277 0.032 0.023 0.061
2 0.289 0.253 0.045 0.087
2 0.263 0.321 0.039 0.088
2 0.388 0.549 0.031 0.073
2 0.219 0.510 0.023 0.074
2 0.194 0.480 0.025 0.089
2 0.250 0.481 0.026 0.056
2 0.263 0.584 0.032 0.093
2 0.301 0.433 0.042 0.083
2 0.313 0.556 0.031 0.044
2 0.363 0.651 0.025 0.073
2 0.355 0.743 0.031 0.074
2 0.334 0.813 0.031 0.059
2 0.306 0.798 0.028 0.059
2 0.284 0.728 0.030 0.050
2 0.167 0.574 0.035 0.065
2 0.115 0.526 0.038 0.073
2 0.143 0.617 0.036 0.064
2 0.088 0.657 0.031 0.084
2 0.076 0.564 0.026 0.043
2 0.121 0.725 0.035 0.087
2 0.113 0.651 0.026 0.058
2 0.139 0.675 0.020 0.039
2 0.109 0.800 0.020 0.039
2 0.108 0.860 0.027 0.051
2 0.067 0.882 0.033 0.067
2 0.024 0.816 0.021 0.051
2 0.042 0.782 0.017 0.042
1 0.812 0.793 0.030 0.076
1 0.825 0.682 0.035 0.082
1 0.716 0.408 0.038 0.063
1 0.745 0.374 0.033 0.084
1 0.666 0.519 0.036 0.075
1 0.724 0.659 0.030 0.081
1 0.400 0.435 0.039 0.078
1 0.353 0.326 0.035 0.084
1 0.233 0.390 0.034 0.081
1 0.085 0.328 0.036 0.074
0 0.134 0.125 0.042 0.093
0 0.197 0.161 0.027 0.112
0 0.168 0.240 0.040 0.088
0 0.154 0.295 0.030 0.064
0 0.142 0.842 0.032 0.074
0 0.211 0.790 0.039 0.083
0 0.287 0.835 0.035 0.101
0 0.411 0.782 0.034 0.106
0 0.455 0.569 0.045 0.113
0 0.494 0.617 0.026 0.078
0 0.535 0.611 0.037 0.108
0 0.470 0.919 0.039 0.095
0 0.510 0.922 0.041 0.117
0 0.572 0.976 0.038 0.049
0 0.583 0.856 0.048 0.087
0 0.628 0.893 0.039 0.088
0 0.704 0.850 0.054 0.095
0 0.706 0.965 0.038 0.070
0 0.770 0.565 0.035 0.080
0 0.740 0.499 0.029 0.062
0 0.814 0.496 0.034 0.113
0 0.841 0.416 0.026 0.088
0 0.933 0.372 0.036 0.087
0 0.984 0.851 0.033 0.070
