1 0.440 0.866 0.058 0.059
1 0.569 0.880 0.065 0.062
1 0.774 0.779 0.060 0.049
1 0.856 0.757 0.060 0.062
1 0.947 0.678 0.067 0.078
1 0.595 0.972 0.063 0.056
0 0.657 0.978 0.076 0.045
0 0.598 0.745 0.076 0.062
0 0.522 0.743 0.066 0.055
0 0.739 0.725 0.068 0.056
0 0.959 0.593 0.067 0.060
0 0.894 0.581 0.076 0.052
0 0.975 0.511 0.050 0.078
0 0.925 0.309 0.068 0.057
0 0.828 0.215 0.061 0.073
0 0.929 0.079 0.091 0.080
0 0.981 0.100 0.038 0.053
0 0.604 0.247 0.076 0.088
0 0.717 0.440 0.068 0.066
0 0.661 0.466 0.076 0.094
0 0.648 0.566 0.078 0.059
0 0.554 0.501 0.096 0.067
0 0.540 0.430 0.085 0.060
0 0.465 0.199 0.059 0.069
0 0.362 0.265 0.068 0.073
0 0.385 0.358 0.094 0.062
0 0.271 0.393 0.070 0.060
0 0.400 0.440 0.052 0.067
0 0.354 0.455 0.042 0.064
0 0.393 0.558 0.076 0.048
0 0.286 0.495 0.055 0.059
0 0.467 0.689 0.057 0.054
0 0.187 0.766 0.045 0.071
0 0.123 0.799 0.064 0.093
2 0.806 0.058 0.060 0.054
2 0.758 0.133 0.059 0.057
2 0.670 0.066 0.058 0.045
2 0.746 0.199 0.049 0.056
2 0.697 0.243 0.053 0.060
2 0.647 0.224 0.044 0.051
2 0.621 0.186 0.053 0.033
2 0.580 0.076 0.077 0.067
2 0.489 0.026 0.047 0.051
2 0.407 0.078 0.045 0.059
2 0.325 0.055 0.075 0.047
2 0.369 0.110 0.071 0.042
2 0.334 0.194 0.068 0.059
2 0.285 0.154 0.066 0.057
2 0.306 0.290 0.038 0.040
2 0.242 0.304 0.053 0.046
2 0.168 0.271 0.049 0.034
2 0.162 0.921 0.053 0.052
2 0.274 0.961 0.056 0.046
2 0.351 0.928 0.058 0.052
2 0.408 0.932 0.058 0.051
2 0.650 0.873 0.052 0.029
2 0.696 0.889 0.048 0.043
0 0.314 0.671 0.060 0.061
0 0.195 0.682 0.065 0.065
0 0.193 0.619 0.060 0.067
0 0.270 0.584 0.060 0.053
0 0.052 0.889 0.050 0.073
0 0.057 0.702 0.089 0.071
0 0.911 0.516 0.087 0.061
1 0.508 0.914 0.065 0.046
1 0.368 0.738 0.071 0.061
1 0.325 0.854 0.057 0.047
2 0.274 0.851 0.045 0.043
2 0.121 0.864 0.034 0.033
2 0.323 0.812 0.050 0.031
2 0.468 0.782 0.055 0.056
2 0.950 0.763 0.049 0.044
2 0.660 0.127 0.055 0.046
2 0.231 0.144 0.048 0.054
2 0.197 0.236 0.037 0.042
0 0.342 0.626 0.057 0.044
0 0.664 0.718 0.066 0.062
0 0.875 0.040 0.057 0.069
0 0.512 0.231 0.059 0.057
0 0.494 0.401 0.060 0.054
0 0.534 0.350 0.064 0.054
0 0.473 0.352 0.054 0.051
0 0.660 0.354 0.082 0.058
0 0.642 0.399 0.068 0.046
0 0.196 0.496 0.055 0.046
0 0.176 0.402 0.034 0.036
0 0.518 0.094 0.055 0.046
0 0.443 0.078 0.053 0.066
0 0.487 0.576 0.063 0.056
0 0.435 0.640 0.059 0.044
