2 0.135 0.858 0.061 0.047
2 0.192 0.898 0.067 0.066
2 0.278 0.868 0.050 0.066
2 0.325 0.855 0.044 0.050
2 0.377 0.840 0.062 0.061
2 0.300 0.799 0.044 0.032
2 0.323 0.753 0.096 0.054
2 0.382 0.690 0.061 0.053
2 0.375 0.591 0.104 0.061
2 0.361 0.649 0.058 0.043
2 0.394 0.720 0.061 0.028
2 0.458 0.731 0.076 0.062
2 0.524 0.650 0.049 0.033
2 0.473 0.792 0.058 0.053
2 0.528 0.813 0.046 0.062
2 0.499 0.844 0.044 0.049
2 0.442 0.811 0.047 0.046
2 0.573 0.767 0.045 0.033
2 0.658 0.693 0.050 0.029
2 0.666 0.902 0.046 0.054
2 0.765 0.857 0.070 0.056
1 0.558 0.562 0.060 0.059
1 0.457 0.648 0.063 0.084
1 0.793 0.771 0.097 0.070
1 0.654 0.833 0.079 0.075
0 0.597 0.886 0.082 0.062
0 0.060 0.955 0.087 0.076
0 0.071 0.842 0.063 0.058
0 0.110 0.747 0.088 0.076
0 0.105 0.635 0.054 0.086
0 0.172 0.615 0.098 0.066
0 0.181 0.554 0.085 0.074
0 0.127 0.485 0.091 0.090
0 0.291 0.403 0.094 0.061
0 0.212 0.228 0.084 0.084
0 0.186 0.072 0.081 0.093
0 0.330 0.191 0.079 0.082
0 0.428 0.409 0.063 0.043
0 0.701 0.236 0.103 0.068
0 0.860 0.142 0.083 0.085
0 0.848 0.064 0.094 0.065
0 0.799 0.260 0.072 0.072
0 0.664 0.323 0.077 0.072
0 0.757 0.502 0.079 0.083
0 0.793 0.553 0.075 0.057
0 0.803 0.611 0.078 0.050
0 0.749 0.654 0.078 0.077
0 0.666 0.572 0.071 0.085
1 0.711 0.763 0.068 0.061
0 0.319 0.476 0.062 0.063
0 0.377 0.493 0.072 0.053
0 0.439 0.470 0.100 0.046
1 0.335 0.528 0.081 0.062
1 0.588 0.695 0.059 0.062
0 0.630 0.418 0.063 0.058
0 0.320 0.342 0.072 0.062
0 0.227 0.702 0.081 0.074
0 0.566 0.626 0.074 0.056
1 0.635 0.640 0.067 0.043
0 0.628 0.773 0.076 0.070
0 0.588 0.984 0.068 0.032
0 0.293 0.641 0.052 0.053
0 0.817 0.332 0.060 0.065
0 0.485 0.528 0.079 0.076
0 0.548 0.493 0.100 0.050
0 0.827 0.516 0.056 0.059
0 0.908 0.323 0.024 0.032
0 0.977 0.242 0.020 0.023
0 0.425 0.080 0.023 0.058
