1 0.107 0.679 0.068 0.081
1 0.759 0.671 0.049 0.066
2 0.143 0.537 0.069 0.118
2 0.198 0.567 0.074 0.111
2 0.159 0.659 0.046 0.074
2 0.118 0.733 0.088 0.068
2 0.060 0.729 0.041 0.082
2 0.214 0.827 0.058 0.092
2 0.262 0.785 0.054 0.048
2 0.274 0.842 0.084 0.078
2 0.424 0.621 0.058 0.068
2 0.355 0.700 0.047 0.084
2 0.392 0.718 0.043 0.070
2 0.467 0.901 0.071 0.082
2 0.512 0.821 0.058 0.086
2 0.522 0.751 0.057 0.050
2 0.706 0.818 0.054 0.104
2 0.761 0.798 0.070 0.100
2 0.815 0.760 0.037 0.073
2 0.809 0.822 0.034 0.045
0 0.098 0.595 0.050 0.080
0 0.249 0.508 0.064 0.103
0 0.130 0.426 0.085 0.106
0 0.082 0.401 0.068 0.109
0 0.157 0.316 0.059 0.064
0 0.150 0.233 0.084 0.087
0 0.253 0.133 0.066 0.091
0 0.140 0.050 0.076 0.082
0 0.415 0.125 0.072 0.096
0 0.610 0.094 0.061 0.068
0 0.613 0.391 0.050 0.086
0 0.534 0.458 0.056 0.062
0 0.576 0.512 0.065 0.067
0 0.501 0.550 0.057 0.082
0 0.546 0.595 0.057 0.072
0 0.624 0.713 0.049 0.066
0 0.649 0.810 0.056 0.115
0 0.704 0.568 0.063 0.085
0 0.803 0.466 0.042 0.065
0 0.879 0.515 0.051 0.071
1 0.832 0.687 0.051 0.070
0 0.282 0.426 0.068 0.093
0 0.252 0.344 0.062 0.062
0 0.249 0.257 0.066 0.065
0 0.278 0.915 0.028 0.080
0 0.333 0.445 0.052 0.090
0 0.706 0.243 0.059 0.095
0 0.551 0.375 0.067 0.083
0 0.650 0.606 0.076 0.100
0 0.570 0.692 0.051 0.083
0 0.488 0.643 0.063 0.083
0 0.763 0.582 0.052 0.056
0 0.648 0.330 0.070 0.098
2 0.563 0.807 0.040 0.059
0 0.662 0.244 0.033 0.074
0 0.812 0.606 0.054 0.074
2 0.845 0.770 0.028 0.074
2 0.427 0.710 0.036 0.073
2 0.481 0.763 0.035 0.074
2 0.773 0.743 0.046 0.068
0 0.310 0.907 0.033 0.081
0 0.292 0.520 0.046 0.087
0 0.099 0.323 0.057 0.057
0 0.234 0.666 0.050 0.076
0 0.668 0.431 0.052 0.078
0 0.639 0.514 0.062 0.079
0 0.833 0.383 0.040 0.044
