2 0.441 0.641 0.076 0.098
2 0.510 0.760 0.055 0.077
2 0.582 0.727 0.057 0.068
2 0.576 0.660 0.071 0.066
2 0.504 0.655 0.041 0.074
2 0.560 0.799 0.056 0.070
2 0.502 0.882 0.042 0.074
2 0.462 0.868 0.033 0.088
2 0.603 0.872 0.053 0.073
2 0.658 0.878 0.056 0.086
1 0.673 0.793 0.072 0.093
1 0.412 0.815 0.059 0.103
1 0.758 0.677 0.056 0.042
1 0.646 0.714 0.062 0.114
0 0.716 0.887 0.056 0.074
0 0.871 0.514 0.060 0.092
0 0.655 0.594 0.036 0.088
0 0.599 0.569 0.061 0.087
0 0.602 0.482 0.055 0.079
0 0.654 0.482 0.043 0.086
0 0.695 0.324 0.070 0.084
0 0.618 0.328 0.073 0.074
0 0.689 0.196 0.088 0.093
0 0.697 0.039 0.090 0.077
0 0.600 0.157 0.074 0.094
0 0.555 0.263 0.080 0.109
0 0.524 0.363 0.092 0.092
1 0.501 0.453 0.078 0.089
1 0.411 0.582 0.072 0.121
1 0.401 0.480 0.085 0.132
0 0.400 0.352 0.079 0.130
0 0.380 0.245 0.094 0.111
0 0.429 0.088 0.086 0.102
0 0.330 0.031 0.092 0.059
0 0.274 0.229 0.065 0.121
0 0.319 0.385 0.062 0.118
0 0.318 0.682 0.080 0.122
0 0.273 0.646 0.074 0.098
0 0.210 0.638 0.079 0.103
0 0.139 0.731 0.055 0.110
1 0.045 0.710 0.050 0.070
0 0.715 0.882 0.056 0.072
0 0.143 0.641 0.063 0.069
0 0.010 0.864 0.017 0.109
0 0.716 0.532 0.067 0.108
0 0.812 0.681 0.050 0.055
0 0.625 0.408 0.065 0.063
0 0.125 0.459 0.029 0.040
0 0.404 0.731 0.063 0.096
2 0.465 0.740 0.036 0.096
0 0.695 0.432 0.055 0.078
0 0.449 0.300 0.043 0.118
