1 0.457 0.303 0.133 0.057
1 0.618 0.271 0.137 0.057
1 0.605 0.344 0.121 0.061
1 0.586 0.405 0.125 0.067
1 0.318 0.843 0.120 0.064
0 0.616 0.094 0.140 0.087
0 0.619 0.200 0.149 0.094
0 0.374 0.153 0.153 0.096
0 0.657 0.513 0.142 0.096
0 0.798 0.543 0.137 0.091
0 0.418 0.606 0.135 0.069
0 0.192 0.570 0.137 0.090
0 0.244 0.678 0.137 0.077
0 0.282 0.781 0.139 0.071
0 0.481 0.790 0.137 0.065
2 0.451 0.885 0.125 0.072
2 0.347 0.921 0.147 0.084
2 0.452 0.521 0.125 0.069
2 0.435 0.453 0.135 0.060
2 0.559 0.487 0.113 0.097
2 0.861 0.482 0.104 0.044
2 0.436 0.221 0.109 0.063
2 0.215 0.441 0.066 0.067
0 0.776 0.463 0.102 0.079
2 0.442 0.377 0.128 0.076
0 0.953 0.678 0.038 0.022
0 0.542 0.050 0.104 0.082
0 0.553 0.871 0.028 0.021
