0 0.183 0.219 0.054 0.072
0 0.291 0.317 0.070 0.073
0 0.132 0.613 0.061 0.087
0 0.163 0.859 0.063 0.082
0 0.287 0.925 0.087 0.101
0 0.445 0.694 0.061 0.088
0 0.541 0.708 0.054 0.080
0 0.582 0.646 0.072 0.083
0 0.670 0.626 0.070 0.111
0 0.420 0.569 0.061 0.091
0 0.405 0.459 0.081 0.096
0 0.502 0.417 0.051 0.088
0 0.559 0.454 0.057 0.083
0 0.649 0.430 0.070 0.092
0 0.543 0.318 0.087 0.108
0 0.295 0.318 0.063 0.078
0 0.659 0.285 0.083 0.103
0 0.613 0.158 0.089 0.110
0 0.830 0.092 0.075 0.128
0 0.927 0.319 0.080 0.108
0 0.961 0.520 0.069 0.090
2 0.391 0.036 0.047 0.068
2 0.270 0.583 0.063 0.076
2 0.630 0.845 0.057 0.074
2 0.108 0.963 0.046 0.074
0 0.037 0.978 0.049 0.044
0 0.024 0.790 0.047 0.110
0 0.041 0.507 0.061 0.080
0 0.116 0.453 0.023 0.026
0 0.122 0.376 0.019 0.032
0 0.070 0.289 0.020 0.025
0 0.123 0.434 0.023 0.027
0 0.111 0.474 0.022 0.026
0 0.101 0.314 0.020 0.027
0 0.130 0.213 0.059 0.084
0 0.247 0.160 0.070 0.077
0 0.081 0.160 0.020 0.029
0 0.045 0.176 0.020 0.027
0 0.086 0.382 0.024 0.025
0 0.614 0.069 0.097 0.124
0 0.714 0.051 0.087 0.100
0 0.448 0.025 0.072 0.047
0 0.471 0.106 0.070 0.086
0 0.324 0.187 0.057 0.079
0 0.459 0.353 0.083 0.104
0 0.373 0.376 0.057 0.070
0 0.421 0.871 0.023 0.027
0 0.635 0.898 0.019 0.032
0 0.671 0.921 0.016 0.022
0 0.641 0.541 0.063 0.075
0 0.102 0.128 0.019 0.026
0 0.046 0.110 0.016 0.024
0 0.027 0.166 0.018 0.026
0 0.006 0.230 0.010 0.026
0 0.056 0.201 0.015 0.021
0 0.112 0.049 0.016 0.019
0 0.080 0.041 0.014 0.021
0 0.083 0.025 0.015 0.019
0 0.401 0.185 0.016 0.024
0 0.733 0.267 0.063 0.091
0 0.592 0.367 0.020 0.027
0 0.738 0.378 0.073 0.091
0 0.893 0.968 0.080 0.064
0 0.972 0.940 0.055 0.090
0 0.416 0.844 0.015 0.016
0 0.397 0.985 0.016 0.017
0 0.069 0.815 0.077 0.107
0 0.017 0.651 0.033 0.101
0 0.008 0.897 0.014 0.053
0 0.025 0.392 0.015 0.027
0 0.161 0.114 0.012 0.019
0 0.107 0.163 0.018 0.024
0 0.255 0.754 0.018 0.029
2 0.111 0.030 0.015 0.019
2 0.140 0.035 0.014 0.023
2 0.504 0.043 0.053 0.084
2 0.010 0.188 0.018 0.025
2 0.014 0.166 0.018 0.021
2 0.014 0.135 0.015 0.030
2 0.089 0.096 0.013 0.018
2 0.101 0.091 0.012 0.018
2 0.290 0.057 0.013 0.015
2 0.039 0.201 0.020 0.022
1 0.110 0.067 0.016 0.017
1 0.086 0.075 0.016 0.021
1 0.085 0.058 0.018 0.016
2 0.272 0.051 0.015 0.022
