2 0.032 0.648 0.044 0.118
2 0.073 0.692 0.035 0.085
2 0.111 0.663 0.047 0.131
2 0.137 0.580 0.051 0.124
2 0.150 0.801 0.046 0.124
2 0.190 0.783 0.040 0.115
2 0.198 0.676 0.043 0.082
2 0.229 0.604 0.038 0.110
2 0.265 0.577 0.034 0.113
2 0.351 0.220 0.033 0.109
2 0.383 0.254 0.033 0.091
2 0.381 0.119 0.031 0.091
2 0.446 0.056 0.040 0.065
2 0.452 0.775 0.032 0.123
2 0.448 0.622 0.044 0.107
2 0.496 0.746 0.037 0.093
2 0.501 0.670 0.046 0.074
2 0.506 0.580 0.037 0.080
2 0.728 0.508 0.022 0.063
2 0.808 0.782 0.023 0.095
2 0.845 0.842 0.032 0.099
2 0.875 0.795 0.031 0.089
2 0.909 0.715 0.030 0.123
2 0.928 0.644 0.028 0.065
2 0.895 0.633 0.030 0.086
2 0.974 0.175 0.015 0.091
2 0.946 0.176 0.019 0.075
2 0.927 0.233 0.024 0.066
2 0.903 0.205 0.023 0.080
1 0.232 0.092 0.053 0.141
1 0.234 0.257 0.057 0.121
1 0.144 0.352 0.045 0.096
1 0.142 0.472 0.048 0.123
1 0.185 0.458 0.034 0.093
1 0.187 0.579 0.039 0.095
1 0.067 0.392 0.049 0.081
1 0.152 0.118 0.048 0.081
1 0.015 0.773 0.030 0.137
1 0.012 0.913 0.023 0.160
1 0.220 0.911 0.046 0.106
1 0.265 0.942 0.058 0.088
1 0.443 0.524 0.037 0.104
1 0.506 0.479 0.042 0.094
1 0.450 0.370 0.036 0.064
1 0.513 0.313 0.029 0.089
1 0.506 0.229 0.035 0.086
1 0.519 0.090 0.044 0.096
1 0.277 0.044 0.030 0.087
1 0.302 0.093 0.030 0.097
2 0.324 0.166 0.032 0.115
2 0.542 0.229 0.031 0.069
2 0.630 0.054 0.041 0.094
2 0.657 0.029 0.022 0.057
1 0.675 0.506 0.043 0.152
1 0.701 0.661 0.040 0.115
1 0.720 0.806 0.037 0.118
1 0.774 0.864 0.041 0.126
1 0.757 0.752 0.040 0.121
1 0.797 0.683 0.029 0.081
1 0.835 0.519 0.032 0.099
1 0.844 0.289 0.045 0.071
1 0.807 0.259 0.054 0.100
1 0.808 0.181 0.043 0.043
1 0.811 0.065 0.030 0.098
1 0.926 0.399 0.046 0.068
1 0.886 0.416 0.037 0.070
1 0.870 0.488 0.042 0.059
1 0.944 0.721 0.035 0.092
1 0.957 0.956 0.031 0.089
1 0.237 0.843 0.041 0.078
1 0.474 0.187 0.040 0.107
1 0.454 0.283 0.031 0.061
1 0.173 0.023 0.052 0.044
1 0.102 0.255 0.040 0.126
1 0.130 0.240 0.038 0.091
1 0.115 0.136 0.043 0.101
1 0.279 0.845 0.009 0.031
1 0.256 0.774 0.012 0.036
1 0.313 0.893 0.011 0.032
0 0.116 0.800 0.040 0.114
1 0.159 0.975 0.037 0.050
1 0.724 0.940 0.040 0.099
1 0.966 0.588 0.034 0.109
1 0.878 0.350 0.032 0.064
1 0.862 0.234 0.030 0.069
1 0.888 0.291 0.034 0.077
1 0.785 0.575 0.032 0.123
1 0.785 0.468 0.034 0.070
1 0.843 0.406 0.030 0.083
1 0.810 0.412 0.029 0.077
2 0.256 0.467 0.035 0.094
2 0.219 0.472 0.036 0.094
1 0.129 0.034 0.036 0.064
1 0.056 0.740 0.046 0.091
1 0.022 0.537 0.043 0.096
2 0.592 0.082 0.034 0.088
