1 0.790 0.972 0.074 0.056
1 0.873 0.906 0.068 0.118
1 0.758 0.721 0.065 0.099
1 0.805 0.543 0.072 0.071
1 0.719 0.346 0.101 0.077
1 0.637 0.362 0.082 0.082
1 0.617 0.292 0.070 0.062
1 0.636 0.218 0.074 0.076
1 0.583 0.155 0.061 0.089
1 0.531 0.209 0.105 0.113
1 0.464 0.179 0.109 0.116
1 0.458 0.103 0.078 0.089
1 0.528 0.483 0.065 0.113
1 0.602 0.441 0.074 0.094
1 0.516 0.633 0.058 0.119
1 0.405 0.865 0.086 0.146
1 0.287 0.810 0.082 0.145
1 0.358 0.742 0.068 0.158
1 0.248 0.644 0.085 0.136
1 0.193 0.480 0.086 0.159
2 0.302 0.467 0.061 0.083
2 0.468 0.778 0.064 0.129
2 0.555 0.845 0.047 0.125
2 0.609 0.791 0.075 0.103
2 0.678 0.703 0.067 0.122
2 0.708 0.634 0.068 0.108
2 0.663 0.492 0.073 0.114
2 0.864 0.046 0.090 0.090
2 0.805 0.090 0.041 0.110
2 0.756 0.096 0.051 0.084
2 0.716 0.151 0.044 0.085
2 0.671 0.120 0.054 0.109
2 0.783 0.193 0.054 0.052
2 0.558 0.724 0.067 0.105
2 0.642 0.617 0.065 0.110
2 0.589 0.578 0.068 0.117
1 0.753 0.613 0.045 0.093
1 0.299 0.956 0.079 0.088
1 0.529 0.952 0.021 0.033
1 0.973 0.613 0.021 0.032
1 0.889 0.389 0.021 0.033
1 0.145 0.146 0.061 0.050
1 0.122 0.079 0.077 0.089
1 0.545 0.358 0.067 0.084
1 0.475 0.361 0.063 0.091
1 0.424 0.424 0.076 0.074
1 0.473 0.499 0.057 0.127
1 0.422 0.549 0.061 0.140
