2 0.230 0.371 0.114 0.083
2 0.330 0.399 0.069 0.061
2 0.420 0.383 0.107 0.093
2 0.536 0.470 0.090 0.079
2 0.638 0.454 0.113 0.085
2 0.493 0.325 0.142 0.073
2 0.651 0.394 0.104 0.052
2 0.723 0.346 0.096 0.065
2 0.810 0.322 0.078 0.065
2 0.785 0.268 0.096 0.064
2 0.711 0.276 0.104 0.079
2 0.702 0.934 0.123 0.089
2 0.799 0.902 0.084 0.078
2 0.594 0.725 0.073 0.048
2 0.077 0.789 0.135 0.083
2 0.051 0.856 0.100 0.067
1 0.083 0.690 0.113 0.093
1 0.081 0.599 0.126 0.076
1 0.173 0.534 0.137 0.073
1 0.179 0.451 0.121 0.084
1 0.524 0.673 0.080 0.070
1 0.733 0.633 0.112 0.078
1 0.715 0.546 0.061 0.047
1 0.836 0.562 0.131 0.061
1 0.515 0.261 0.118 0.083
1 0.316 0.206 0.129 0.053
1 0.511 0.183 0.102 0.073
1 0.612 0.256 0.112 0.081
1 0.723 0.127 0.142 0.084
1 0.730 0.030 0.122 0.059
1 0.519 0.030 0.125 0.058
2 0.939 0.062 0.063 0.088
1 0.558 0.602 0.105 0.068
1 0.639 0.569 0.096 0.065
1 0.618 0.652 0.084 0.050
1 0.755 0.688 0.096 0.055
1 0.776 0.502 0.104 0.055
1 0.933 0.924 0.069 0.065
1 0.449 0.473 0.078 0.075
1 0.410 0.121 0.106 0.076
2 0.322 0.337 0.102 0.059
2 0.326 0.271 0.106 0.050
