2 0.213 0.146 0.106 0.119
2 0.379 0.050 0.104 0.098
2 0.462 0.155 0.101 0.138
2 0.528 0.226 0.093 0.145
2 0.748 0.478 0.087 0.128
2 0.792 0.536 0.089 0.128
2 0.838 0.600 0.085 0.094
2 0.913 0.608 0.075 0.098
2 0.803 0.868 0.100 0.156
2 0.726 0.794 0.115 0.174
2 0.050 0.751 0.097 0.126
2 0.080 0.438 0.079 0.126
1 0.581 0.945 0.085 0.111
1 0.657 0.699 0.113 0.174
1 0.580 0.594 0.104 0.194
1 0.668 0.508 0.087 0.165
1 0.516 0.476 0.109 0.183
1 0.438 0.369 0.112 0.173
1 0.633 0.319 0.117 0.190
2 0.847 0.258 0.078 0.150
2 0.862 0.148 0.087 0.122
1 0.040 0.624 0.078 0.099
1 0.705 0.245 0.048 0.098
1 0.814 0.721 0.094 0.119
1 0.856 0.914 0.031 0.038
1 0.171 0.581 0.053 0.078
2 0.881 0.872 0.052 0.064
2 0.583 0.240 0.057 0.095
2 0.305 0.360 0.067 0.088
2 0.902 0.531 0.057 0.058
