0 0.971 0.250 0.057 0.106
0 0.966 0.454 0.068 0.082
0 0.843 0.497 0.089 0.073
0 0.742 0.368 0.089 0.088
0 0.698 0.512 0.105 0.095
0 0.957 0.741 0.086 0.093
0 0.884 0.785 0.095 0.097
0 0.703 0.683 0.089 0.114
0 0.615 0.686 0.105 0.106
0 0.613 0.820 0.101 0.124
0 0.574 0.941 0.132 0.100
0 0.519 0.897 0.117 0.102
0 0.504 0.801 0.107 0.118
0 0.480 0.670 0.121 0.106
0 0.364 0.683 0.116 0.124
0 0.233 0.679 0.134 0.133
0 0.203 0.539 0.139 0.114
0 0.337 0.572 0.138 0.110
0 0.454 0.531 0.104 0.106
0 0.572 0.583 0.113 0.088
0 0.546 0.449 0.102 0.108
0 0.392 0.435 0.139 0.121
0 0.355 0.258 0.128 0.110
0 0.258 0.054 0.093 0.099
0 0.431 0.135 0.102 0.111
0 0.733 0.266 0.025 0.038
0 0.247 0.372 0.063 0.059
0 0.853 0.210 0.023 0.023
0 0.785 0.310 0.027 0.022
0 0.060 0.128 0.019 0.015
