0 0.814 0.484 0.123 0.106
0 0.736 0.534 0.109 0.095
0 0.640 0.479 0.123 0.089
0 0.644 0.372 0.116 0.099
0 0.761 0.386 0.095 0.098
0 0.724 0.305 0.107 0.077
0 0.435 0.234 0.096 0.083
0 0.305 0.142 0.106 0.087
0 0.209 0.113 0.105 0.108
0 0.179 0.311 0.080 0.082
0 0.043 0.349 0.083 0.083
0 0.343 0.493 0.113 0.087
0 0.379 0.418 0.099 0.068
0 0.172 0.590 0.122 0.092
0 0.089 0.642 0.109 0.094
0 0.490 0.927 0.113 0.116
0 0.584 0.877 0.103 0.106
0 0.428 0.826 0.109 0.100
0 0.590 0.768 0.107 0.087
0 0.649 0.725 0.101 0.088
0 0.698 0.659 0.090 0.082
0 0.541 0.685 0.116 0.087
0 0.425 0.643 0.101 0.082
0 0.506 0.560 0.096 0.071
0 0.449 0.505 0.109 0.091
0 0.541 0.403 0.075 0.077
0 0.776 0.898 0.057 0.066
0 0.054 0.064 0.025 0.021
0 0.293 0.226 0.101 0.074
0 0.636 0.576 0.097 0.076
0 0.601 0.644 0.070 0.061
2 0.467 0.912 0.054 0.050
0 0.369 0.334 0.092 0.073
