0 0.371 0.184 0.150 0.122
0 0.382 0.384 0.132 0.132
0 0.188 0.474 0.138 0.120
0 0.204 0.633 0.134 0.143
0 0.330 0.656 0.125 0.140
0 0.316 0.522 0.149 0.122
0 0.421 0.491 0.126 0.122
0 0.518 0.421 0.121 0.114
0 0.543 0.555 0.104 0.130
0 0.446 0.642 0.121 0.117
0 0.571 0.682 0.117 0.133
0 0.666 0.677 0.090 0.152
0 0.568 0.813 0.112 0.151
0 0.456 0.780 0.120 0.149
0 0.454 0.894 0.126 0.098
0 0.827 0.818 0.100 0.110
0 0.930 0.778 0.125 0.108
0 0.812 0.480 0.094 0.098
0 0.670 0.486 0.095 0.103
0 0.954 0.446 0.092 0.106
0 0.979 0.249 0.042 0.129
0 0.725 0.325 0.093 0.116
0 0.450 0.053 0.153 0.097
0 0.488 0.947 0.114 0.100
0 0.658 0.126 0.031 0.036
2 0.153 0.368 0.057 0.089
0 0.259 0.291 0.110 0.085
0 0.704 0.176 0.026 0.027
