0 0.197 0.646 0.141 0.184
0 0.280 0.531 0.120 0.214
0 0.367 0.670 0.109 0.189
0 0.069 0.667 0.127 0.189
0 0.152 0.409 0.071 0.169
0 0.055 0.234 0.107 0.153
2 0.458 0.543 0.097 0.144
2 0.537 0.634 0.083 0.144
2 0.614 0.664 0.069 0.127
2 0.699 0.587 0.089 0.112
2 0.619 0.541 0.090 0.109
2 0.604 0.372 0.083 0.152
2 0.523 0.392 0.090 0.153
0 0.424 0.108 0.134 0.130
0 0.319 0.048 0.086 0.093
2 0.272 0.932 0.134 0.132
2 0.711 0.399 0.054 0.100
0 0.149 0.962 0.134 0.077
0 0.085 0.518 0.137 0.112
0 0.063 0.027 0.087 0.050
0 0.121 0.874 0.117 0.102
0 0.505 0.286 0.048 0.112
0 0.021 0.119 0.039 0.084
0 0.031 0.961 0.059 0.071
