1 0.669 0.844 0.082 0.089
1 0.787 0.899 0.075 0.049
2 0.884 0.396 0.069 0.076
2 0.826 0.401 0.063 0.076
2 0.874 0.282 0.037 0.056
2 0.832 0.305 0.046 0.075
2 0.796 0.284 0.042 0.068
2 0.756 0.280 0.043 0.052
2 0.719 0.323 0.057 0.061
2 0.669 0.305 0.061 0.056
2 0.710 0.245 0.048 0.058
2 0.750 0.201 0.045 0.051
2 0.662 0.206 0.054 0.061
2 0.590 0.118 0.051 0.059
2 0.528 0.070 0.060 0.063
2 0.459 0.053 0.067 0.058
2 0.579 0.219 0.069 0.067
2 0.453 0.298 0.053 0.068
2 0.467 0.236 0.052 0.045
2 0.458 0.191 0.066 0.056
2 0.378 0.106 0.068 0.051
2 0.384 0.146 0.060 0.037
2 0.385 0.183 0.062 0.037
2 0.380 0.237 0.063 0.072
2 0.261 0.239 0.046 0.056
2 0.204 0.217 0.060 0.071
1 0.156 0.283 0.057 0.060
1 0.360 0.320 0.070 0.077
2 0.231 0.313 0.054 0.047
2 0.199 0.358 0.055 0.056
2 0.172 0.398 0.042 0.035
2 0.250 0.452 0.037 0.048
2 0.300 0.438 0.055 0.059
2 0.292 0.383 0.063 0.056
2 0.307 0.321 0.062 0.063
2 0.356 0.427 0.043 0.049
2 0.351 0.479 0.046 0.047
2 0.625 0.461 0.060 0.068
2 0.668 0.502 0.041 0.072
2 0.633 0.541 0.051 0.065
2 0.615 0.585 0.058 0.072
2 0.533 0.533 0.065 0.049
2 0.544 0.458 0.037 0.037
2 0.486 0.560 0.044 0.055
2 0.544 0.623 0.064 0.053
2 0.577 0.736 0.069 0.054
2 0.598 0.799 0.080 0.063
2 0.308 0.609 0.063 0.063
2 0.289 0.665 0.058 0.064
2 0.243 0.702 0.057 0.058
2 0.195 0.673 0.052 0.064
2 0.317 0.797 0.038 0.069
2 0.546 0.686 0.074 0.084
2 0.489 0.867 0.073 0.060
2 0.498 0.925 0.066 0.068
2 0.577 0.944 0.055 0.057
2 0.482 0.814 0.075 0.053
2 0.156 0.218 0.051 0.056
2 0.570 0.885 0.063 0.062
2 0.878 0.448 0.065 0.040
2 0.320 0.555 0.060 0.044
2 0.277 0.546 0.051 0.053
1 0.079 0.897 0.028 0.025
1 0.528 0.991 0.066 0.018
1 0.692 0.946 0.070 0.071
1 0.455 0.616 0.068 0.075
2 0.400 0.409 0.057 0.063
2 0.045 0.071 0.043 0.045
2 0.187 0.089 0.037 0.045
2 0.296 0.765 0.063 0.076
2 0.635 0.392 0.045 0.056
2 0.598 0.299 0.053 0.051
2 0.124 0.099 0.042 0.038
1 0.054 0.884 0.026 0.024
1 0.971 0.821 0.018 0.018
1 0.964 0.787 0.025 0.019
