0 0.383 0.059 0.094 0.115
0 0.468 0.066 0.085 0.130
0 0.913 0.172 0.110 0.146
0 0.716 0.306 0.104 0.145
0 0.587 0.267 0.103 0.171
0 0.442 0.260 0.101 0.146
0 0.465 0.397 0.079 0.130
0 0.536 0.469 0.092 0.147
0 0.587 0.550 0.075 0.131
0 0.674 0.535 0.099 0.161
0 0.769 0.478 0.101 0.148
0 0.857 0.624 0.124 0.138
0 0.921 0.732 0.108 0.155
0 0.959 0.413 0.082 0.115
0 0.886 0.418 0.069 0.105
0 0.575 0.727 0.114 0.150
0 0.569 0.860 0.110 0.148
0 0.679 0.943 0.106 0.115
0 0.682 0.806 0.111 0.156
0 0.427 0.571 0.084 0.126
0 0.299 0.438 0.075 0.108
0 0.226 0.409 0.082 0.131
0 0.190 0.523 0.093 0.142
2 0.123 0.559 0.063 0.116
2 0.032 0.128 0.059 0.120
2 0.268 0.658 0.067 0.110
2 0.372 0.664 0.078 0.126
2 0.742 0.587 0.077 0.119
0 0.348 0.315 0.095 0.147
0 0.134 0.444 0.085 0.121
0 0.089 0.837 0.070 0.090
0 0.034 0.753 0.066 0.168
0 0.160 0.235 0.088 0.121
0 0.902 0.909 0.082 0.110
0 0.387 0.460 0.082 0.132
0 0.332 0.604 0.102 0.142
0 0.819 0.430 0.075 0.104
0 0.889 0.535 0.110 0.098
0 0.983 0.305 0.035 0.103
0 0.126 0.112 0.019 0.037
2 0.158 0.119 0.018 0.030
2 0.153 0.093 0.018 0.030
2 0.144 0.119 0.014 0.028
0 0.195 0.914 0.020 0.031
