2 0.291 0.895 0.083 0.033
2 0.294 0.861 0.067 0.031
2 0.239 0.848 0.080 0.033
2 0.209 0.777 0.094 0.038
2 0.158 0.761 0.071 0.029
2 0.189 0.719 0.106 0.025
2 0.456 0.805 0.078 0.038
2 0.468 0.720 0.067 0.045
2 0.517 0.685 0.072 0.044
2 0.384 0.651 0.117 0.054
2 0.613 0.412 0.072 0.045
2 0.535 0.411 0.067 0.050
2 0.516 0.374 0.080 0.037
2 0.636 0.344 0.089 0.042
2 0.608 0.298 0.083 0.038
2 0.522 0.289 0.057 0.033
2 0.457 0.344 0.080 0.035
2 0.398 0.372 0.078 0.044
2 0.331 0.381 0.072 0.050
2 0.319 0.308 0.076 0.037
2 0.339 0.265 0.083 0.039
2 0.369 0.227 0.088 0.042
2 0.904 0.941 0.060 0.034
1 0.415 0.922 0.133 0.068
1 0.063 0.890 0.101 0.038
1 0.824 0.922 0.091 0.064
1 0.870 0.857 0.073 0.051
1 0.784 0.871 0.094 0.062
1 0.685 0.836 0.095 0.068
1 0.772 0.816 0.085 0.049
1 0.732 0.757 0.083 0.056
1 0.617 0.790 0.082 0.066
1 0.582 0.732 0.114 0.061
1 0.613 0.643 0.130 0.068
1 0.786 0.620 0.090 0.050
1 0.574 0.588 0.077 0.042
1 0.429 0.548 0.083 0.048
1 0.284 0.554 0.093 0.035
1 0.180 0.584 0.102 0.032
1 0.227 0.648 0.094 0.031
1 0.493 0.482 0.106 0.050
1 0.602 0.456 0.117 0.049
1 0.467 0.403 0.076 0.040
1 0.885 0.255 0.089 0.063
1 0.805 0.239 0.093 0.068
1 0.423 0.179 0.095 0.052
1 0.400 0.129 0.122 0.046
1 0.785 0.712 0.099 0.065
1 0.339 0.109 0.094 0.050
1 0.513 0.143 0.091 0.047
1 0.839 0.752 0.068 0.050
1 0.305 0.488 0.030 0.017
1 0.341 0.466 0.029 0.016
1 0.310 0.470 0.033 0.017
1 0.345 0.442 0.030 0.021
1 0.315 0.454 0.027 0.014
1 0.294 0.213 0.045 0.020
1 0.305 0.197 0.033 0.017
1 0.309 0.184 0.029 0.016
1 0.263 0.249 0.019 0.016
