2 0.513 0.838 0.057 0.079
2 0.663 0.901 0.064 0.078
2 0.770 0.903 0.079 0.073
2 0.414 0.580 0.059 0.071
2 0.400 0.714 0.076 0.067
0 0.376 0.108 0.123 0.073
0 0.412 0.202 0.100 0.073
0 0.538 0.252 0.127 0.114
0 0.672 0.332 0.105 0.114
0 0.760 0.202 0.105 0.102
0 0.624 0.414 0.080 0.070
0 0.737 0.430 0.095 0.104
0 0.779 0.521 0.098 0.108
0 0.869 0.528 0.090 0.096
0 0.835 0.658 0.092 0.092
0 0.964 0.670 0.073 0.098
0 0.937 0.785 0.088 0.091
0 0.957 0.938 0.086 0.092
0 0.862 0.739 0.088 0.085
0 0.827 0.844 0.085 0.077
0 0.693 0.763 0.075 0.071
0 0.622 0.747 0.089 0.080
0 0.588 0.820 0.094 0.078
0 0.406 0.946 0.111 0.097
0 0.330 0.614 0.089 0.091
0 0.248 0.645 0.102 0.107
0 0.126 0.445 0.108 0.116
0 0.381 0.432 0.109 0.080
0 0.463 0.357 0.121 0.070
0 0.152 0.315 0.073 0.079
0 0.200 0.236 0.078 0.078
0 0.322 0.187 0.100 0.061
0 0.744 0.693 0.082 0.078
0 0.363 0.331 0.095 0.078
0 0.238 0.119 0.077 0.069
0 0.379 0.063 0.084 0.055
0 0.285 0.819 0.085 0.080
0 0.324 0.893 0.089 0.092
0 0.211 0.910 0.091 0.086
0 0.524 0.774 0.089 0.071
0 0.549 0.641 0.101 0.067
0 0.725 0.863 0.096 0.082
0 0.787 0.781 0.078 0.081
0 0.975 0.835 0.051 0.072
0 0.865 0.462 0.100 0.079
0 0.816 0.322 0.100 0.102
0 0.871 0.390 0.093 0.073
0 0.025 0.592 0.049 0.070
