2 0.269 0.881 0.083 0.075
2 0.464 0.897 0.057 0.087
0 0.115 0.882 0.085 0.096
0 0.098 0.814 0.075 0.082
0 0.204 0.704 0.088 0.093
0 0.287 0.669 0.094 0.066
0 0.282 0.754 0.089 0.064
0 0.347 0.887 0.076 0.112
0 0.421 0.858 0.072 0.093
0 0.469 0.787 0.083 0.093
0 0.371 0.804 0.074 0.080
0 0.534 0.870 0.087 0.098
0 0.538 0.779 0.079 0.101
0 0.523 0.699 0.060 0.076
0 0.525 0.605 0.085 0.080
0 0.397 0.623 0.093 0.098
0 0.380 0.527 0.114 0.085
0 0.248 0.538 0.108 0.090
0 0.329 0.396 0.094 0.080
0 0.461 0.417 0.076 0.082
0 0.550 0.438 0.105 0.098
0 0.510 0.527 0.087 0.060
0 0.522 0.323 0.095 0.112
0 0.339 0.283 0.094 0.081
0 0.337 0.182 0.078 0.106
0 0.303 0.117 0.075 0.107
0 0.460 0.166 0.083 0.101
0 0.587 0.198 0.103 0.105
0 0.734 0.132 0.072 0.090
0 0.832 0.108 0.067 0.075
0 0.906 0.108 0.090 0.091
0 0.941 0.171 0.095 0.091
0 0.834 0.225 0.075 0.070
0 0.820 0.342 0.091 0.095
0 0.818 0.432 0.093 0.086
0 0.718 0.348 0.094 0.079
0 0.696 0.512 0.108 0.097
0 0.783 0.575 0.085 0.083
0 0.784 0.668 0.083 0.101
0 0.717 0.714 0.080 0.106
0 0.659 0.595 0.102 0.069
0 0.690 0.427 0.087 0.069
0 0.694 0.651 0.089 0.067
0 0.267 0.305 0.067 0.070
0 0.455 0.348 0.067 0.060
0 0.197 0.843 0.068 0.069
0 0.278 0.370 0.066 0.056
0 0.374 0.431 0.092 0.075
