2 0.390 0.883 0.171 0.086
2 0.776 0.832 0.146 0.075
0 0.898 0.786 0.153 0.099
0 0.751 0.720 0.165 0.108
0 0.648 0.810 0.131 0.108
0 0.523 0.871 0.177 0.098
0 0.314 0.759 0.165 0.087
0 0.116 0.732 0.230 0.117
0 0.324 0.664 0.275 0.105
0 0.149 0.645 0.147 0.080
0 0.146 0.534 0.263 0.104
0 0.489 0.490 0.261 0.103
0 0.552 0.579 0.209 0.117
0 0.631 0.632 0.140 0.087
0 0.788 0.611 0.158 0.081
0 0.723 0.527 0.161 0.061
0 0.298 0.577 0.185 0.093
0 0.294 0.350 0.185 0.088
0 0.595 0.344 0.176 0.089
0 0.783 0.352 0.191 0.091
0 0.666 0.242 0.221 0.112
0 0.681 0.097 0.197 0.093
0 0.137 0.126 0.198 0.117
0 0.261 0.231 0.210 0.097
0 0.410 0.079 0.174 0.111
0 0.506 0.782 0.162 0.088
0 0.125 0.808 0.194 0.053
0 0.340 0.836 0.149 0.056
