2 0.742 0.365 0.061 0.099
2 0.813 0.342 0.056 0.076
2 0.772 0.488 0.066 0.107
0 0.850 0.760 0.055 0.123
0 0.979 0.561 0.041 0.110
0 0.901 0.400 0.064 0.138
0 0.968 0.372 0.064 0.094
0 0.933 0.280 0.059 0.120
0 0.978 0.198 0.044 0.120
0 0.923 0.180 0.065 0.114
0 0.946 0.080 0.076 0.114
0 0.864 0.057 0.070 0.111
0 0.857 0.223 0.073 0.116
0 0.750 0.269 0.086 0.092
0 0.698 0.226 0.050 0.082
0 0.620 0.374 0.083 0.121
0 0.564 0.394 0.054 0.114
0 0.440 0.443 0.075 0.140
0 0.508 0.199 0.074 0.112
0 0.433 0.177 0.050 0.089
0 0.324 0.218 0.081 0.096
0 0.266 0.155 0.076 0.108
0 0.141 0.210 0.081 0.112
0 0.223 0.301 0.086 0.109
0 0.237 0.449 0.069 0.105
0 0.243 0.552 0.067 0.091
0 0.159 0.475 0.076 0.113
0 0.143 0.578 0.081 0.104
0 0.152 0.676 0.076 0.124
0 0.242 0.723 0.074 0.109
0 0.258 0.831 0.076 0.108
0 0.223 0.910 0.071 0.120
0 0.178 0.856 0.074 0.110
0 0.136 0.788 0.089 0.113
0 0.462 0.288 0.056 0.099
0 0.193 0.154 0.076 0.103
0 0.571 0.534 0.060 0.124
0 0.625 0.190 0.059 0.091
