2 0.632 0.428 0.152 0.096
1 0.897 0.546 0.129 0.086
0 0.819 0.482 0.149 0.097
0 0.669 0.567 0.194 0.115
0 0.879 0.665 0.169 0.094
0 0.734 0.716 0.159 0.096
0 0.884 0.740 0.192 0.112
0 0.921 0.799 0.159 0.115
0 0.766 0.792 0.124 0.085
0 0.774 0.341 0.159 0.100
0 0.629 0.323 0.135 0.088
0 0.831 0.247 0.137 0.094
0 0.732 0.244 0.088 0.083
0 0.488 0.165 0.122 0.111
0 0.503 0.269 0.135 0.111
0 0.513 0.381 0.137 0.098
0 0.375 0.442 0.125 0.079
0 0.321 0.267 0.185 0.083
0 0.211 0.122 0.092 0.089
0 0.122 0.635 0.160 0.073
0 0.202 0.734 0.100 0.088
0 0.317 0.724 0.093 0.078
0 0.204 0.819 0.150 0.084
0 0.203 0.890 0.125 0.074
0 0.304 0.890 0.080 0.091
0 0.265 0.632 0.078 0.080
0 0.779 0.147 0.139 0.072
0 0.730 0.068 0.134 0.075
0 0.755 0.615 0.167 0.098
1 0.893 0.390 0.130 0.087
0 0.659 0.142 0.090 0.067
