2 0.214 0.536 0.099 0.084
2 0.281 0.565 0.065 0.085
2 0.456 0.623 0.102 0.081
2 0.550 0.700 0.101 0.069
2 0.626 0.799 0.077 0.078
2 0.716 0.786 0.107 0.068
2 0.957 0.662 0.081 0.064
2 0.965 0.501 0.070 0.049
2 0.778 0.442 0.089 0.063
2 0.789 0.375 0.094 0.063
2 0.839 0.324 0.083 0.061
2 0.697 0.223 0.087 0.049
2 0.714 0.121 0.085 0.056
0 0.958 0.115 0.085 0.071
0 0.498 0.076 0.106 0.085
0 0.471 0.167 0.086 0.061
0 0.525 0.279 0.121 0.092
0 0.481 0.374 0.061 0.086
0 0.405 0.428 0.098 0.062
0 0.344 0.514 0.102 0.105
0 0.528 0.467 0.121 0.069
0 0.556 0.399 0.111 0.078
0 0.698 0.402 0.103 0.098
0 0.696 0.316 0.128 0.067
0 0.579 0.858 0.138 0.095
1 0.945 0.429 0.110 0.066
2 0.185 0.486 0.098 0.080
0 0.481 0.546 0.101 0.071
1 0.691 0.643 0.117 0.080
1 0.570 0.623 0.110 0.072
2 0.585 0.776 0.082 0.062
0 0.131 0.902 0.074 0.072
0 0.826 0.159 0.097 0.065
1 0.970 0.262 0.060 0.072
