1 0.578 0.186 0.145 0.101
1 0.613 0.034 0.177 0.066
1 0.363 0.102 0.162 0.080
2 0.333 0.196 0.166 0.089
2 0.416 0.240 0.087 0.055
2 0.433 0.298 0.101 0.052
2 0.505 0.336 0.105 0.057
0 0.891 0.262 0.134 0.088
0 0.954 0.313 0.092 0.073
0 0.716 0.426 0.173 0.115
0 0.760 0.512 0.129 0.108
0 0.784 0.601 0.155 0.075
0 0.809 0.693 0.138 0.086
0 0.659 0.797 0.127 0.086
0 0.613 0.718 0.134 0.107
0 0.576 0.637 0.161 0.103
0 0.506 0.513 0.154 0.111
0 0.347 0.518 0.151 0.100
0 0.368 0.389 0.153 0.097
0 0.090 0.311 0.101 0.083
0 0.389 0.789 0.128 0.081
0 0.446 0.856 0.127 0.077
0 0.497 0.944 0.121 0.101
0 0.652 0.922 0.133 0.098
0 0.916 0.179 0.118 0.066
0 0.118 0.101 0.113 0.075
0 0.610 0.544 0.121 0.079
0 0.563 0.439 0.129 0.073
