0 0.260 0.616 0.078 0.198
0 0.324 0.734 0.071 0.149
0 0.297 0.922 0.084 0.115
0 0.126 0.736 0.061 0.178
0 0.710 0.851 0.077 0.185
0 0.642 0.939 0.059 0.122
0 0.822 0.685 0.046 0.114
2 0.783 0.761 0.060 0.147
2 0.834 0.815 0.054 0.122
2 0.898 0.690 0.044 0.116
2 0.692 0.677 0.056 0.121
2 0.627 0.563 0.053 0.128
2 0.707 0.416 0.054 0.157
2 0.634 0.316 0.053 0.121
2 0.599 0.436 0.046 0.110
0 0.655 0.424 0.058 0.147
2 0.528 0.559 0.050 0.115
2 0.513 0.673 0.063 0.124
2 0.471 0.740 0.053 0.122
2 0.417 0.684 0.058 0.135
2 0.437 0.414 0.062 0.095
2 0.384 0.411 0.060 0.157
2 0.320 0.240 0.069 0.140
2 0.323 0.099 0.060 0.129
2 0.320 0.368 0.066 0.116
2 0.223 0.434 0.058 0.136
2 0.168 0.456 0.053 0.138
2 0.121 0.344 0.071 0.136
2 0.151 0.172 0.056 0.131
2 0.198 0.086 0.064 0.141
2 0.083 0.159 0.050 0.122
2 0.030 0.073 0.053 0.117
2 0.484 0.937 0.046 0.108
0 0.061 0.488 0.080 0.164
0 0.131 0.559 0.062 0.122
2 0.515 0.421 0.060 0.141
2 0.510 0.157 0.067 0.129
2 0.699 0.596 0.045 0.120
1 0.572 0.053 0.066 0.104
2 0.959 0.877 0.050 0.116
1 0.627 0.742 0.072 0.149
2 0.119 0.086 0.064 0.122
2 0.421 0.573 0.062 0.092
2 0.425 0.302 0.069 0.127
