2 0.172 0.189 0.117 0.103
2 0.231 0.131 0.128 0.094
2 0.343 0.114 0.109 0.107
2 0.445 0.111 0.112 0.115
2 0.221 0.479 0.113 0.102
2 0.295 0.590 0.107 0.108
2 0.328 0.493 0.097 0.080
2 0.126 0.521 0.077 0.085
2 0.204 0.580 0.090 0.087
2 0.652 0.526 0.151 0.112
2 0.708 0.629 0.128 0.132
2 0.805 0.765 0.112 0.104
1 0.642 0.843 0.144 0.140
1 0.566 0.783 0.131 0.148
1 0.552 0.598 0.113 0.133
1 0.600 0.412 0.152 0.121
1 0.626 0.254 0.154 0.151
1 0.071 0.115 0.131 0.148
1 0.536 0.204 0.152 0.127
1 0.903 0.261 0.097 0.101
1 0.940 0.166 0.090 0.115
1 0.842 0.167 0.100 0.102
1 0.528 0.346 0.127 0.133
1 0.516 0.475 0.120 0.121
1 0.746 0.903 0.143 0.092
1 0.530 0.071 0.104 0.108
1 0.919 0.056 0.124 0.110
2 0.231 0.359 0.101 0.063
1 0.758 0.498 0.103 0.113
