2 0.945 0.169 0.090 0.109
2 0.859 0.184 0.082 0.117
2 0.801 0.104 0.105 0.098
0 0.703 0.078 0.089 0.116
0 0.783 0.203 0.084 0.119
0 0.699 0.257 0.058 0.084
0 0.624 0.217 0.079 0.086
1 0.631 0.311 0.067 0.084
0 0.752 0.487 0.104 0.101
0 0.907 0.726 0.098 0.093
0 0.783 0.741 0.123 0.122
0 0.783 0.926 0.097 0.095
0 0.680 0.887 0.144 0.133
0 0.619 0.796 0.134 0.150
0 0.561 0.666 0.159 0.143
0 0.552 0.500 0.150 0.130
0 0.386 0.050 0.122 0.099
0 0.283 0.066 0.096 0.112
0 0.088 0.074 0.134 0.143
0 0.290 0.230 0.140 0.139
0 0.365 0.338 0.114 0.119
0 0.384 0.431 0.122 0.106
0 0.241 0.367 0.126 0.143
0 0.078 0.312 0.154 0.125
0 0.040 0.542 0.079 0.106
0 0.034 0.641 0.066 0.151
0 0.107 0.837 0.123 0.120
0 0.555 0.366 0.119 0.127
2 0.970 0.033 0.059 0.064
0 0.431 0.315 0.079 0.098
0 0.692 0.162 0.086 0.076
0 0.530 0.048 0.115 0.095
0 0.460 0.592 0.105 0.074
0 0.257 0.540 0.119 0.115
0 0.722 0.600 0.072 0.116
0 0.517 0.222 0.110 0.097
0 0.622 0.054 0.089 0.107
