1 0.446 0.255 0.078 0.088
1 0.504 0.168 0.072 0.081
1 0.575 0.486 0.061 0.052
1 0.691 0.437 0.081 0.053
1 0.184 0.112 0.073 0.093
0 0.147 0.052 0.064 0.092
0 0.091 0.086 0.054 0.112
0 0.113 0.274 0.064 0.078
0 0.101 0.391 0.047 0.074
0 0.782 0.273 0.044 0.049
0 0.837 0.338 0.035 0.033
0 0.920 0.305 0.048 0.054
0 0.953 0.368 0.048 0.053
0 0.966 0.423 0.061 0.054
0 0.901 0.402 0.031 0.049
0 0.874 0.366 0.029 0.049
0 0.735 0.603 0.081 0.059
0 0.710 0.718 0.066 0.066
1 0.646 0.735 0.066 0.064
0 0.144 0.911 0.082 0.086
2 0.227 0.831 0.080 0.076
2 0.264 0.713 0.082 0.104
2 0.321 0.768 0.069 0.078
2 0.322 0.870 0.049 0.078
2 0.270 0.896 0.070 0.070
2 0.385 0.242 0.070 0.101
2 0.567 0.245 0.069 0.078
0 0.613 0.347 0.086 0.069
0 0.703 0.389 0.067 0.057
2 0.761 0.844 0.055 0.054
0 0.082 0.326 0.052 0.066
2 0.353 0.063 0.073 0.075
0 0.201 0.408 0.058 0.065
0 0.552 0.646 0.076 0.066
