1 0.428 0.534 0.066 0.056
1 0.427 0.607 0.073 0.058
0 0.088 0.109 0.098 0.081
0 0.267 0.153 0.089 0.079
0 0.270 0.257 0.088 0.083
0 0.404 0.290 0.098 0.061
0 0.307 0.346 0.098 0.038
0 0.102 0.304 0.098 0.063
1 0.310 0.386 0.079 0.047
1 0.247 0.502 0.067 0.071
1 0.144 0.434 0.085 0.048
1 0.138 0.387 0.087 0.054
2 0.119 0.490 0.091 0.063
2 0.155 0.539 0.090 0.029
2 0.170 0.582 0.066 0.058
2 0.231 0.588 0.061 0.054
2 0.298 0.630 0.079 0.048
2 0.362 0.582 0.048 0.045
2 0.439 0.683 0.085 0.049
2 0.559 0.705 0.077 0.048
2 0.553 0.758 0.069 0.042
2 0.549 0.806 0.075 0.059
2 0.483 0.824 0.053 0.056
2 0.524 0.888 0.074 0.051
2 0.671 0.819 0.078 0.047
2 0.690 0.872 0.066 0.057
2 0.681 0.905 0.072 0.040
2 0.736 0.941 0.063 0.047
2 0.667 0.979 0.083 0.040
2 0.612 0.977 0.042 0.037
2 0.806 0.901 0.079 0.040
2 0.836 0.807 0.061 0.053
2 0.811 0.855 0.077 0.033
2 0.734 0.762 0.082 0.058
0 0.520 0.429 0.068 0.061
0 0.632 0.577 0.094 0.050
0 0.680 0.608 0.106 0.062
0 0.527 0.589 0.068 0.058
0 0.426 0.442 0.075 0.058
0 0.041 0.752 0.080 0.061
0 0.024 0.670 0.046 0.053
0 0.391 0.964 0.110 0.072
0 0.548 0.923 0.078 0.054
0 0.549 0.974 0.094 0.051
0 0.715 0.691 0.105 0.051
0 0.970 0.792 0.059 0.048
0 0.235 0.877 0.073 0.077
2 0.949 0.116 0.056 0.058
0 0.092 0.702 0.080 0.064
