0 0.634 0.205 0.099 0.097
0 0.327 0.332 0.094 0.068
0 0.512 0.411 0.095 0.073
0 0.512 0.323 0.095 0.079
0 0.393 0.242 0.110 0.060
0 0.797 0.384 0.092 0.078
0 0.745 0.313 0.091 0.068
0 0.886 0.545 0.097 0.097
0 0.906 0.660 0.121 0.112
0 0.821 0.676 0.091 0.106
0 0.688 0.588 0.116 0.111
0 0.746 0.880 0.108 0.119
0 0.658 0.922 0.092 0.117
0 0.610 0.810 0.102 0.114
0 0.534 0.882 0.095 0.088
0 0.421 0.845 0.111 0.141
0 0.301 0.853 0.119 0.147
0 0.286 0.730 0.127 0.101
0 0.490 0.765 0.114 0.095
0 0.511 0.621 0.129 0.098
0 0.418 0.590 0.086 0.082
