0 0.647 0.112 0.050 0.090
0 0.668 0.066 0.034 0.094
0 0.633 0.304 0.048 0.066
0 0.644 0.519 0.050 0.055
0 0.694 0.665 0.044 0.076
0 0.820 0.505 0.037 0.090
0 0.623 0.754 0.061 0.090
0 0.616 0.618 0.056 0.084
0 0.476 0.580 0.046 0.070
0 0.447 0.658 0.045 0.076
0 0.808 0.843 0.036 0.095
0 0.339 0.374 0.039 0.061
0 0.375 0.270 0.046 0.072
0 0.296 0.341 0.040 0.064
0 0.290 0.416 0.033 0.058
0 0.256 0.429 0.045 0.059
0 0.260 0.311 0.035 0.058
0 0.119 0.135 0.045 0.064
0 0.082 0.199 0.037 0.055
0 0.070 0.251 0.043 0.056
0 0.045 0.298 0.028 0.047
2 0.926 0.765 0.033 0.086
2 0.743 0.394 0.035 0.051
0 0.693 0.355 0.048 0.089
0 0.318 0.911 0.041 0.069
0 0.907 0.080 0.039 0.083
0 0.074 0.127 0.039 0.070
