2 0.900 0.574 0.073 0.077
2 0.921 0.638 0.057 0.067
2 0.841 0.684 0.076 0.075
2 0.773 0.701 0.056 0.062
2 0.729 0.652 0.069 0.064
2 0.699 0.701 0.050 0.053
2 0.655 0.699 0.043 0.072
2 0.604 0.681 0.055 0.068
2 0.586 0.607 0.063 0.077
2 0.640 0.498 0.064 0.074
2 0.716 0.483 0.070 0.071
2 0.744 0.424 0.078 0.047
2 0.537 0.738 0.076 0.071
2 0.461 0.841 0.079 0.062
2 0.393 0.809 0.069 0.059
2 0.378 0.765 0.076 0.053
2 0.417 0.666 0.066 0.075
2 0.346 0.617 0.072 0.070
2 0.283 0.631 0.054 0.076
2 0.277 0.692 0.069 0.051
2 0.388 0.425 0.064 0.048
1 0.497 0.435 0.073 0.082
1 0.208 0.544 0.095 0.083
1 0.227 0.606 0.076 0.080
1 0.666 0.615 0.076 0.081
0 0.676 0.949 0.088 0.058
0 0.682 0.887 0.094 0.059
0 0.664 0.774 0.065 0.067
0 0.168 0.970 0.081 0.060
0 0.161 0.910 0.080 0.084
0 0.175 0.837 0.064 0.057
0 0.115 0.690 0.085 0.103
0 0.276 0.786 0.069 0.070
0 0.233 0.464 0.080 0.073
0 0.357 0.488 0.090 0.074
0 0.430 0.525 0.072 0.057
0 0.227 0.390 0.090 0.076
0 0.328 0.412 0.088 0.074
0 0.210 0.304 0.081 0.081
0 0.222 0.202 0.078 0.068
0 0.298 0.298 0.071 0.074
0 0.371 0.307 0.077 0.082
0 0.340 0.230 0.076 0.063
0 0.440 0.150 0.063 0.071
0 0.563 0.133 0.095 0.099
0 0.473 0.215 0.068 0.091
0 0.545 0.283 0.065 0.073
0 0.656 0.306 0.054 0.071
1 0.595 0.393 0.062 0.057
2 0.597 0.462 0.066 0.073
0 0.603 0.827 0.078 0.060
0 0.113 0.107 0.069 0.078
0 0.436 0.322 0.062 0.069
1 0.425 0.601 0.067 0.067
0 0.282 0.855 0.065 0.065
0 0.770 0.476 0.061 0.060
1 0.528 0.377 0.070 0.076
