2 0.171 0.625 0.081 0.065
2 0.247 0.614 0.087 0.072
2 0.481 0.642 0.104 0.074
2 0.505 0.701 0.084 0.060
2 0.584 0.711 0.066 0.060
2 0.647 0.685 0.068 0.053
2 0.764 0.685 0.048 0.045
2 0.805 0.718 0.050 0.043
2 0.742 0.721 0.073 0.044
2 0.928 0.561 0.070 0.035
2 0.770 0.440 0.056 0.039
0 0.611 0.042 0.119 0.073
0 0.614 0.150 0.112 0.065
0 0.479 0.218 0.129 0.048
0 0.422 0.256 0.119 0.067
0 0.412 0.325 0.101 0.084
0 0.388 0.393 0.117 0.075
0 0.281 0.392 0.090 0.068
0 0.244 0.459 0.096 0.056
0 0.511 0.339 0.085 0.055
0 0.600 0.333 0.129 0.050
0 0.771 0.343 0.141 0.045
0 0.596 0.398 0.093 0.044
0 0.618 0.463 0.093 0.068
0 0.514 0.441 0.079 0.050
0 0.700 0.523 0.102 0.047
0 0.725 0.581 0.090 0.053
0 0.845 0.589 0.100 0.086
0 0.606 0.603 0.080 0.033
0 0.505 0.573 0.101 0.070
0 0.298 0.571 0.093 0.068
0 0.342 0.625 0.078 0.057
0 0.428 0.745 0.060 0.049
0 0.556 0.796 0.086 0.062
0 0.559 0.863 0.103 0.076
0 0.662 0.922 0.097 0.070
0 0.430 0.875 0.078 0.056
0 0.471 0.940 0.078 0.074
0 0.534 0.942 0.077 0.051
0 0.241 0.309 0.111 0.064
1 0.322 0.678 0.080 0.064
2 0.716 0.649 0.077 0.053
