2 0.130 0.912 0.032 0.062
2 0.166 0.910 0.046 0.070
2 0.210 0.868 0.058 0.089
2 0.415 0.361 0.058 0.087
2 0.480 0.364 0.054 0.083
2 0.463 0.283 0.048 0.045
2 0.400 0.291 0.056 0.053
2 0.425 0.232 0.057 0.087
2 0.533 0.189 0.051 0.078
2 0.676 0.323 0.079 0.045
2 0.698 0.389 0.087 0.073
2 0.674 0.456 0.049 0.071
2 0.698 0.520 0.057 0.076
2 0.715 0.605 0.062 0.080
2 0.759 0.658 0.063 0.062
2 0.803 0.589 0.077 0.089
2 0.822 0.517 0.077 0.072
2 0.628 0.529 0.072 0.082
2 0.598 0.479 0.048 0.059
2 0.604 0.422 0.073 0.057
2 0.580 0.372 0.071 0.082
0 0.523 0.290 0.063 0.092
0 0.625 0.180 0.067 0.087
0 0.905 0.267 0.073 0.088
0 0.864 0.352 0.082 0.100
0 0.832 0.730 0.067 0.048
0 0.922 0.804 0.075 0.064
0 0.977 0.892 0.045 0.066
0 0.521 0.635 0.073 0.110
0 0.384 0.703 0.062 0.074
0 0.421 0.691 0.044 0.078
0 0.316 0.744 0.069 0.073
0 0.274 0.801 0.063 0.091
1 0.200 0.732 0.057 0.080
0 0.248 0.711 0.062 0.089
0 0.269 0.654 0.054 0.065
0 0.282 0.582 0.067 0.081
0 0.152 0.692 0.077 0.087
0 0.169 0.617 0.072 0.084
0 0.149 0.539 0.060 0.103
2 0.454 0.128 0.076 0.073
2 0.657 0.260 0.071 0.083
0 0.364 0.748 0.039 0.068
1 0.836 0.436 0.085 0.089
1 0.460 0.179 0.078 0.058
0 0.792 0.674 0.042 0.055
0 0.246 0.421 0.073 0.097
0 0.543 0.548 0.058 0.076
