1 0.267 0.534 0.054 0.071
1 0.502 0.400 0.065 0.081
1 0.443 0.537 0.062 0.053
1 0.243 0.487 0.073 0.071
1 0.652 0.561 0.067 0.063
0 0.265 0.270 0.078 0.067
0 0.274 0.344 0.077 0.071
0 0.274 0.416 0.068 0.076
0 0.375 0.443 0.064 0.059
0 0.453 0.478 0.063 0.057
0 0.360 0.373 0.063 0.066
0 0.401 0.283 0.068 0.067
0 0.381 0.207 0.061 0.061
0 0.470 0.139 0.051 0.054
0 0.491 0.206 0.064 0.084
0 0.575 0.140 0.069 0.087
0 0.559 0.269 0.046 0.065
0 0.655 0.289 0.061 0.065
0 0.647 0.702 0.050 0.038
0 0.657 0.799 0.066 0.053
0 0.650 0.858 0.054 0.056
0 0.169 0.613 0.086 0.092
0 0.312 0.693 0.066 0.061
0 0.307 0.771 0.052 0.058
0 0.195 0.807 0.064 0.073
0 0.218 0.746 0.061 0.055
0 0.203 0.888 0.075 0.096
0 0.203 0.960 0.085 0.071
0 0.315 0.917 0.063 0.064
0 0.285 0.173 0.059 0.066
2 0.424 0.385 0.062 0.059
2 0.448 0.412 0.043 0.053
2 0.599 0.414 0.063 0.045
2 0.624 0.459 0.054 0.069
2 0.684 0.451 0.054 0.061
2 0.707 0.395 0.075 0.059
2 0.847 0.538 0.052 0.064
2 0.861 0.596 0.038 0.059
2 0.810 0.592 0.050 0.043
2 0.785 0.632 0.053 0.062
2 0.734 0.646 0.054 0.051
2 0.695 0.598 0.047 0.071
2 0.676 0.641 0.044 0.061
2 0.600 0.624 0.063 0.058
2 0.581 0.555 0.049 0.077
2 0.548 0.613 0.050 0.036
2 0.531 0.656 0.063 0.066
2 0.451 0.754 0.066 0.057
2 0.398 0.730 0.052 0.052
2 0.392 0.680 0.066 0.057
2 0.432 0.606 0.067 0.066
2 0.368 0.552 0.056 0.069
2 0.315 0.566 0.071 0.063
2 0.316 0.614 0.070 0.055
2 0.372 0.614 0.052 0.061
1 0.535 0.345 0.045 0.072
0 0.592 0.749 0.071 0.054
0 0.312 0.987 0.066 0.025
0 0.182 0.085 0.059 0.065
0 0.500 0.101 0.054 0.059
0 0.340 0.269 0.066 0.059
1 0.593 0.367 0.066 0.055
1 0.367 0.500 0.066 0.047
1 0.514 0.586 0.065 0.056
0 0.740 0.451 0.061 0.055
0 0.530 0.470 0.061 0.042
1 0.522 0.528 0.061 0.048
0 0.456 0.293 0.047 0.064
