2 0.819 0.632 0.083 0.061
2 0.817 0.565 0.114 0.062
2 0.494 0.034 0.084 0.044
0 0.175 0.028 0.087 0.056
0 0.590 0.088 0.094 0.048
0 0.697 0.139 0.101 0.051
0 0.807 0.214 0.111 0.059
0 0.766 0.304 0.113 0.073
0 0.611 0.331 0.102 0.053
0 0.625 0.409 0.109 0.074
0 0.805 0.427 0.105 0.066
0 0.796 0.500 0.119 0.057
0 0.662 0.477 0.114 0.072
1 0.688 0.542 0.098 0.066
0 0.417 0.740 0.081 0.067
0 0.549 0.795 0.089 0.072
0 0.701 0.809 0.108 0.061
0 0.671 0.864 0.088 0.066
0 0.836 0.908 0.126 0.061
0 0.553 0.875 0.105 0.079
0 0.246 0.883 0.093 0.061
0 0.339 0.887 0.076 0.051
0 0.341 0.705 0.095 0.066
0 0.044 0.058 0.063 0.060
0 0.227 0.824 0.094 0.059
0 0.293 0.671 0.051 0.034
0 0.446 0.685 0.088 0.054
0 0.516 0.664 0.088 0.037
0 0.193 0.784 0.061 0.066
1 0.292 0.603 0.063 0.050
