2 0.171 0.716 0.141 0.030
2 0.168 0.684 0.134 0.039
2 0.338 0.617 0.119 0.032
1 0.271 0.471 0.152 0.039
2 0.384 0.245 0.069 0.023
2 0.426 0.223 0.094 0.023
0 0.596 0.137 0.144 0.047
0 0.646 0.171 0.144 0.036
0 0.500 0.197 0.134 0.039
0 0.606 0.228 0.116 0.035
0 0.440 0.270 0.137 0.030
0 0.875 0.291 0.141 0.040
0 0.924 0.318 0.152 0.039
0 0.895 0.351 0.123 0.035
0 0.464 0.309 0.141 0.030
0 0.543 0.436 0.162 0.033
0 0.442 0.455 0.184 0.041
0 0.395 0.501 0.184 0.039
0 0.182 0.588 0.119 0.029
0 0.558 0.608 0.148 0.038
0 0.708 0.619 0.108 0.031
0 0.774 0.601 0.112 0.033
0 0.819 0.565 0.173 0.042
0 0.823 0.513 0.137 0.040
0 0.697 0.551 0.152 0.040
0 0.296 0.528 0.101 0.025
0 0.819 0.792 0.173 0.040
0 0.776 0.831 0.173 0.038
0 0.652 0.853 0.097 0.025
0 0.709 0.895 0.119 0.031
0 0.612 0.912 0.112 0.028
0 0.554 0.932 0.112 0.024
0 0.567 0.953 0.152 0.021
0 0.184 0.817 0.159 0.036
2 0.152 0.628 0.137 0.039
