2 0.449 0.747 0.052 0.039
2 0.657 0.610 0.049 0.035
2 0.871 0.277 0.043 0.040
2 0.558 0.023 0.045 0.035
2 0.172 0.057 0.038 0.028
2 0.127 0.101 0.028 0.017
2 0.081 0.089 0.034 0.026
2 0.096 0.049 0.030 0.019
1 0.574 0.569 0.068 0.039
1 0.603 0.970 0.070 0.053
0 0.623 0.906 0.066 0.049
0 0.547 0.881 0.057 0.049
0 0.684 0.900 0.056 0.053
0 0.755 0.962 0.079 0.062
0 0.730 0.888 0.045 0.044
0 0.668 0.844 0.062 0.052
0 0.691 0.770 0.068 0.039
0 0.826 0.897 0.069 0.067
0 0.820 0.840 0.069 0.050
0 0.902 0.828 0.076 0.059
0 0.842 0.768 0.060 0.053
0 0.764 0.752 0.048 0.058
0 0.962 0.655 0.059 0.049
0 0.777 0.542 0.067 0.044
0 0.785 0.491 0.063 0.053
0 0.789 0.417 0.070 0.064
0 0.850 0.495 0.051 0.054
0 0.779 0.137 0.049 0.036
0 0.693 0.083 0.048 0.058
0 0.611 0.282 0.060 0.044
0 0.562 0.240 0.066 0.046
0 0.494 0.187 0.051 0.049
0 0.494 0.301 0.050 0.031
0 0.496 0.334 0.053 0.039
0 0.478 0.410 0.068 0.054
0 0.278 0.201 0.042 0.041
0 0.243 0.174 0.041 0.039
0 0.201 0.160 0.050 0.039
0 0.244 0.337 0.059 0.048
0 0.209 0.381 0.044 0.049
0 0.174 0.425 0.051 0.053
0 0.230 0.526 0.065 0.060
0 0.158 0.474 0.047 0.047
0 0.202 0.566 0.057 0.039
0 0.160 0.671 0.060 0.033
0 0.160 0.860 0.068 0.053
0 0.145 0.912 0.062 0.041
0 0.108 0.946 0.063 0.048
0 0.076 0.881 0.087 0.048
0 0.049 0.979 0.058 0.039
0 0.508 0.744 0.067 0.056
0 0.503 0.673 0.055 0.041
0 0.445 0.699 0.061 0.038
0 0.653 0.554 0.068 0.057
0 0.561 0.695 0.055 0.051
0 0.569 0.649 0.067 0.048
0 0.618 0.808 0.049 0.049
