2 0.950 0.315 0.089 0.097
1 0.887 0.138 0.075 0.091
1 0.315 0.931 0.076 0.110
0 0.485 0.969 0.074 0.061
2 0.942 0.754 0.072 0.113
2 0.981 0.815 0.039 0.084
2 0.427 0.278 0.057 0.095
2 0.438 0.171 0.045 0.088
2 0.377 0.194 0.046 0.094
2 0.367 0.108 0.041 0.098
2 0.285 0.109 0.057 0.110
2 0.260 0.035 0.033 0.050
1 0.224 0.062 0.033 0.076
2 0.559 0.072 0.042 0.083
2 0.726 0.225 0.061 0.101
2 0.716 0.314 0.059 0.086
2 0.473 0.300 0.046 0.052
2 0.301 0.168 0.051 0.053
2 0.172 0.056 0.029 0.061
2 0.908 0.856 0.066 0.054
2 0.390 0.974 0.059 0.052
2 0.249 0.489 0.039 0.069
2 0.301 0.290 0.046 0.084
2 0.339 0.454 0.051 0.068
