0 0.895 0.147 0.054 0.090
0 0.841 0.142 0.051 0.089
1 0.783 0.145 0.068 0.091
1 0.412 0.476 0.078 0.113
1 0.308 0.540 0.075 0.095
1 0.421 0.658 0.054 0.074
2 0.399 0.585 0.069 0.075
2 0.423 0.729 0.054 0.080
2 0.386 0.791 0.061 0.084
2 0.343 0.722 0.062 0.087
2 0.319 0.646 0.075 0.091
0 0.304 0.440 0.078 0.095
0 0.391 0.370 0.072 0.099
0 0.310 0.359 0.066 0.076
2 0.163 0.141 0.058 0.073
2 0.212 0.088 0.062 0.064
2 0.134 0.071 0.053 0.076
0 0.799 0.648 0.024 0.033
2 0.353 0.145 0.032 0.045
2 0.792 0.370 0.021 0.031
2 0.627 0.409 0.024 0.032
2 0.702 0.459 0.023 0.029
2 0.738 0.442 0.020 0.029
2 0.719 0.398 0.021 0.032
2 0.682 0.442 0.020 0.029
2 0.592 0.382 0.020 0.030
2 0.672 0.387 0.023 0.029
0 0.934 0.232 0.054 0.043
