0 0.679 0.085 0.088 0.074
0 0.612 0.047 0.089 0.065
0 0.722 0.298 0.093 0.062
0 0.693 0.356 0.080 0.056
0 0.168 0.044 0.093 0.076
0 0.175 0.146 0.070 0.042
0 0.173 0.256 0.075 0.052
0 0.656 0.924 0.083 0.072
0 0.704 0.959 0.083 0.076
0 0.790 0.888 0.066 0.054
0 0.772 0.954 0.064 0.066
0 0.699 0.864 0.074 0.057
0 0.675 0.420 0.091 0.071
0 0.153 0.824 0.070 0.074
2 0.607 0.114 0.075 0.070
1 0.230 0.018 0.074 0.034
0 0.598 0.201 0.025 0.024
0 0.428 0.514 0.026 0.022
0 0.183 0.311 0.077 0.051
0 0.119 0.115 0.028 0.028
0 0.638 0.216 0.022 0.027
0 0.416 0.175 0.029 0.020
0 0.064 0.094 0.025 0.026
0 0.031 0.075 0.026 0.027
0 0.193 0.204 0.107 0.057
0 0.594 0.299 0.025 0.024
0 0.633 0.271 0.026 0.019
0 0.862 0.970 0.068 0.059
0 0.837 0.749 0.051 0.075
0 0.115 0.769 0.076 0.074
0 0.299 0.012 0.059 0.022
0 0.154 0.095 0.024 0.022
0 0.170 0.083 0.031 0.023
0 0.606 0.229 0.024 0.024
0 0.625 0.314 0.021 0.027
0 0.397 0.523 0.024 0.024
0 0.787 0.845 0.062 0.052
0 0.844 0.831 0.065 0.060
0 0.618 0.450 0.077 0.052
0 0.683 0.025 0.083 0.028
