2 0.208 0.212 0.148 0.077
2 0.716 0.844 0.123 0.087
0 0.086 0.382 0.130 0.097
0 0.211 0.431 0.140 0.104
0 0.285 0.157 0.130 0.103
0 0.402 0.141 0.142 0.082
0 0.449 0.243 0.144 0.099
0 0.499 0.348 0.144 0.102
0 0.551 0.463 0.155 0.087
0 0.566 0.551 0.133 0.078
0 0.728 0.474 0.137 0.086
0 0.692 0.389 0.120 0.084
0 0.647 0.291 0.134 0.073
0 0.593 0.172 0.133 0.087
0 0.533 0.092 0.130 0.062
1 0.141 0.134 0.157 0.078
1 0.850 0.729 0.107 0.077
1 0.821 0.813 0.140 0.095
0 0.655 0.719 0.129 0.083
0 0.727 0.934 0.118 0.094
0 0.405 0.557 0.124 0.092
0 0.801 0.622 0.111 0.085
0 0.741 0.558 0.105 0.075
0 0.198 0.267 0.140 0.076
0 0.402 0.086 0.137 0.036
0 0.639 0.925 0.076 0.064
0 0.183 0.359 0.092 0.053
