2 0.742 0.840 0.115 0.073
2 0.263 0.202 0.135 0.081
1 0.180 0.121 0.152 0.079
0 0.325 0.144 0.119 0.102
0 0.422 0.128 0.146 0.092
0 0.616 0.156 0.095 0.093
0 0.481 0.234 0.144 0.098
0 0.539 0.335 0.124 0.104
0 0.661 0.273 0.116 0.081
0 0.715 0.376 0.124 0.087
0 0.577 0.461 0.150 0.081
0 0.737 0.470 0.137 0.073
0 0.604 0.542 0.136 0.077
1 0.841 0.805 0.129 0.087
1 0.861 0.728 0.124 0.089
1 0.679 0.710 0.128 0.082
0 0.746 0.933 0.091 0.094
0 0.255 0.420 0.116 0.094
0 0.138 0.378 0.149 0.092
0 0.438 0.551 0.124 0.092
0 0.817 0.618 0.107 0.087
0 0.752 0.552 0.106 0.077
0 0.232 0.260 0.112 0.074
0 0.553 0.080 0.128 0.087
0 0.666 0.922 0.073 0.067
0 0.261 0.729 0.104 0.075
