0 0.374 0.288 0.126 0.076
0 0.377 0.400 0.143 0.084
1 0.499 0.461 0.230 0.071
2 0.628 0.593 0.117 0.067
2 0.550 0.746 0.099 0.083
2 0.424 0.784 0.125 0.076
2 0.533 0.912 0.113 0.072
2 0.569 0.854 0.117 0.062
1 0.156 0.229 0.115 0.062
0 0.544 0.289 0.123 0.074
0 0.448 0.206 0.102 0.092
0 0.282 0.133 0.097 0.070
1 0.368 0.079 0.092 0.059
2 0.406 0.879 0.090 0.071
2 0.468 0.917 0.072 0.068
2 0.940 0.346 0.080 0.051
2 0.944 0.276 0.102 0.051
2 0.949 0.121 0.076 0.072
2 0.514 0.606 0.112 0.067
2 0.538 0.670 0.103 0.072
0 0.354 0.722 0.048 0.034
0 0.936 0.980 0.043 0.028
0 0.884 0.958 0.041 0.030
0 0.408 0.025 0.113 0.048
0 0.079 0.166 0.066 0.059
0 0.379 0.597 0.053 0.028
