0 0.375 0.107 0.140 0.074
0 0.555 0.199 0.182 0.069
0 0.376 0.204 0.149 0.071
0 0.526 0.436 0.124 0.073
0 0.403 0.289 0.105 0.066
0 0.789 0.388 0.107 0.034
0 0.788 0.625 0.137 0.043
0 0.817 0.573 0.128 0.042
0 0.827 0.670 0.133 0.072
0 0.934 0.683 0.089 0.061
0 0.282 0.549 0.119 0.064
0 0.405 0.558 0.117 0.053
0 0.269 0.683 0.121 0.053
0 0.313 0.710 0.144 0.049
0 0.488 0.780 0.142 0.071
0 0.418 0.882 0.117 0.055
0 0.313 0.868 0.116 0.054
0 0.413 0.828 0.105 0.035
0 0.471 0.711 0.109 0.059
0 0.553 0.706 0.075 0.053
0 0.602 0.747 0.133 0.055
0 0.480 0.655 0.105 0.054
0 0.303 0.629 0.116 0.053
0 0.111 0.502 0.152 0.040
0 0.880 0.443 0.107 0.061
0 0.494 0.111 0.105 0.041
0 0.478 0.073 0.091 0.035
0 0.569 0.258 0.112 0.056
0 0.289 0.630 0.123 0.058
