0 0.884 0.420 0.126 0.104
0 0.702 0.474 0.106 0.118
0 0.777 0.561 0.133 0.127
0 0.676 0.752 0.114 0.123
0 0.744 0.827 0.105 0.123
0 0.705 0.928 0.108 0.132
0 0.612 0.851 0.105 0.145
0 0.391 0.872 0.129 0.141
0 0.305 0.940 0.105 0.116
0 0.207 0.934 0.092 0.132
0 0.266 0.820 0.109 0.127
0 0.291 0.702 0.112 0.116
0 0.413 0.720 0.120 0.138
0 0.491 0.555 0.134 0.154
0 0.292 0.607 0.109 0.106
0 0.185 0.586 0.114 0.138
0 0.043 0.618 0.083 0.123
0 0.079 0.442 0.087 0.097
0 0.166 0.441 0.081 0.098
0 0.271 0.483 0.134 0.122
0 0.298 0.365 0.127 0.147
0 0.174 0.330 0.103 0.120
0 0.405 0.318 0.121 0.159
0 0.518 0.325 0.115 0.138
0 0.473 0.179 0.089 0.111
0 0.597 0.122 0.092 0.100
0 0.496 0.052 0.111 0.097
0 0.325 0.073 0.121 0.118
0 0.496 0.936 0.095 0.129
0 0.253 0.195 0.100 0.118
0 0.151 0.683 0.087 0.104
0 0.770 0.430 0.097 0.088
0 0.880 0.535 0.089 0.107
0 0.437 0.618 0.092 0.109
0 0.541 0.222 0.109 0.129
0 0.639 0.047 0.108 0.091
0 0.905 0.285 0.044 0.098
0 0.021 0.466 0.038 0.073
0 0.358 0.565 0.069 0.097
