0 0.259 0.196 0.071 0.083
0 0.287 0.365 0.084 0.097
0 0.137 0.275 0.090 0.083
0 0.146 0.346 0.090 0.084
0 0.043 0.492 0.078 0.077
0 0.295 0.581 0.100 0.087
0 0.319 0.461 0.088 0.083
0 0.812 0.100 0.084 0.097
0 0.805 0.205 0.097 0.100
0 0.675 0.156 0.086 0.087
0 0.790 0.357 0.094 0.083
0 0.678 0.280 0.083 0.090
0 0.660 0.393 0.095 0.074
0 0.827 0.459 0.097 0.083
1 0.684 0.525 0.089 0.099
1 0.839 0.629 0.079 0.096
1 0.819 0.542 0.090 0.071
1 0.820 0.710 0.077 0.097
1 0.259 0.881 0.065 0.061
1 0.480 0.698 0.080 0.072
1 0.055 0.638 0.076 0.080
0 0.379 0.550 0.083 0.075
0 0.404 0.624 0.059 0.061
0 0.966 0.797 0.067 0.102
0 0.857 0.918 0.083 0.090
2 0.753 0.739 0.050 0.090
2 0.476 0.934 0.059 0.066
2 0.396 0.848 0.067 0.059
2 0.327 0.903 0.059 0.065
2 0.128 0.806 0.080 0.072
0 0.209 0.457 0.076 0.087
0 0.036 0.392 0.060 0.075
0 0.110 0.489 0.082 0.068
0 0.251 0.806 0.060 0.071
0 0.886 0.725 0.072 0.075
0 0.863 0.828 0.077 0.087
0 0.291 0.642 0.079 0.072
1 0.034 0.554 0.065 0.056
0 0.343 0.725 0.073 0.077
0 0.423 0.734 0.079 0.092
0 0.538 0.858 0.048 0.053
2 0.564 0.820 0.058 0.065
2 0.484 0.881 0.061 0.064
2 0.016 0.710 0.029 0.074
0 0.936 0.973 0.082 0.053
0 0.988 0.678 0.024 0.089
0 0.756 0.535 0.037 0.093
2 0.575 0.623 0.036 0.081
2 0.580 0.683 0.038 0.064
2 0.022 0.300 0.041 0.068
0 0.900 0.171 0.067 0.055
0 0.810 0.032 0.076 0.061
0 0.469 0.619 0.059 0.047
0 0.505 0.427 0.025 0.032
0 0.164 0.234 0.072 0.055
0 0.386 0.773 0.068 0.065
0 0.477 0.786 0.059 0.065
