1 0.104 0.618 0.054 0.057
1 0.026 0.619 0.048 0.046
1 0.604 0.886 0.040 0.044
1 0.912 0.677 0.048 0.043
1 0.483 0.502 0.056 0.060
1 0.417 0.503 0.057 0.052
1 0.856 0.535 0.045 0.050
1 0.446 0.110 0.048 0.062
1 0.564 0.149 0.056 0.047
1 0.148 0.503 0.063 0.063
2 0.362 0.047 0.063 0.046
2 0.336 0.163 0.049 0.051
2 0.316 0.109 0.046 0.045
2 0.183 0.141 0.051 0.029
2 0.229 0.045 0.045 0.040
2 0.547 0.314 0.048 0.037
2 0.568 0.338 0.034 0.043
2 0.604 0.331 0.040 0.041
2 0.623 0.301 0.050 0.033
2 0.572 0.254 0.061 0.052
2 0.716 0.315 0.036 0.036
2 0.762 0.312 0.033 0.031
2 0.692 0.289 0.042 0.045
2 0.390 0.142 0.058 0.052
2 0.735 0.181 0.045 0.036
2 0.719 0.145 0.054 0.027
2 0.661 0.245 0.032 0.033
2 0.672 0.204 0.034 0.041
2 0.629 0.575 0.053 0.049
2 0.684 0.637 0.051 0.039
2 0.714 0.656 0.031 0.031
2 0.747 0.653 0.040 0.032
2 0.806 0.627 0.039 0.042
2 0.842 0.633 0.034 0.040
2 0.875 0.613 0.047 0.046
2 0.959 0.954 0.035 0.034
2 0.248 0.520 0.043 0.041
2 0.161 0.577 0.045 0.036
2 0.258 0.647 0.039 0.030
2 0.267 0.568 0.047 0.045
2 0.338 0.556 0.048 0.044
2 0.309 0.598 0.045 0.036
2 0.361 0.665 0.033 0.029
1 0.314 0.486 0.042 0.049
1 0.340 0.455 0.045 0.040
1 0.407 0.461 0.051 0.043
1 0.486 0.456 0.046 0.033
1 0.674 0.589 0.048 0.045
0 0.549 0.042 0.048 0.056
0 0.500 0.071 0.050 0.052
0 0.454 0.043 0.042 0.040
0 0.568 0.088 0.045 0.049
0 0.639 0.114 0.051 0.050
0 0.786 0.199 0.045 0.046
0 0.428 0.212 0.065 0.058
0 0.439 0.272 0.054 0.046
0 0.462 0.328 0.058 0.044
0 0.462 0.389 0.053 0.057
0 0.381 0.382 0.043 0.027
0 0.144 0.436 0.054 0.057
0 0.160 0.380 0.056 0.059
0 0.175 0.319 0.077 0.046
0 0.257 0.283 0.059 0.060
0 0.325 0.238 0.059 0.049
0 0.269 0.205 0.066 0.056
0 0.171 0.237 0.065 0.060
0 0.106 0.264 0.054 0.054
0 0.194 0.075 0.050 0.046
0 0.128 0.095 0.057 0.036
0 0.071 0.093 0.071 0.061
0 0.544 0.666 0.058 0.042
0 0.804 0.392 0.045 0.047
0 0.627 0.401 0.057 0.043
1 0.629 0.446 0.053 0.040
1 0.609 0.490 0.059 0.038
1 0.599 0.529 0.060 0.036
1 0.750 0.407 0.045 0.045
1 0.771 0.520 0.045 0.052
1 0.685 0.539 0.053 0.046
0 0.559 0.876 0.051 0.053
0 0.548 0.828 0.045 0.034
0 0.544 0.722 0.057 0.049
0 0.619 0.743 0.052 0.045
0 0.625 0.800 0.049 0.031
0 0.735 0.729 0.052 0.036
0 0.617 0.622 0.049 0.037
0 0.812 0.715 0.050 0.039
0 0.889 0.779 0.044 0.041
0 0.954 0.868 0.045 0.037
0 0.886 0.978 0.042 0.039
0 0.921 0.952 0.041 0.039
0 0.856 0.944 0.057 0.050
0 0.830 0.913 0.064 0.054
0 0.896 0.888 0.042 0.046
0 0.906 0.841 0.047 0.036
0 0.806 0.782 0.051 0.033
0 0.809 0.822 0.063 0.046
0 0.782 0.853 0.040 0.038
0 0.717 0.864 0.039 0.052
0 0.749 0.883 0.043 0.029
0 0.674 0.881 0.049 0.049
0 0.658 0.834 0.051 0.045
0 0.018 0.202 0.030 0.054
0 0.806 0.125 0.038 0.032
0 0.835 0.127 0.016 0.015
0 0.802 0.095 0.022 0.012
0 0.935 0.543 0.051 0.052
0 0.903 0.484 0.045 0.041
0 0.880 0.734 0.046 0.044
0 0.945 0.810 0.038 0.042
2 0.209 0.639 0.050 0.044
2 0.627 0.266 0.042 0.043
2 0.795 0.598 0.051 0.037
1 0.560 0.198 0.043 0.046
1 0.740 0.564 0.043 0.045
1 0.788 0.563 0.048 0.035
2 0.741 0.603 0.049 0.040
0 0.287 0.369 0.049 0.044
0 0.388 0.412 0.053 0.035
0 0.662 0.782 0.046 0.047
1 0.764 0.466 0.043 0.045
0 0.939 0.456 0.015 0.011
0 0.873 0.393 0.012 0.011
0 0.819 0.197 0.017 0.012
0 0.934 0.437 0.012 0.011
