1 0.842 0.334 0.036 0.080
1 0.752 0.209 0.040 0.082
1 0.034 0.775 0.042 0.086
1 0.018 0.578 0.030 0.081
1 0.125 0.837 0.035 0.087
1 0.125 0.939 0.029 0.080
1 0.795 0.965 0.051 0.052
1 0.793 0.912 0.047 0.060
1 0.686 0.419 0.054 0.054
2 0.175 0.955 0.039 0.072
2 0.203 0.941 0.028 0.069
2 0.254 0.903 0.029 0.056
2 0.232 0.831 0.034 0.063
2 0.109 0.418 0.023 0.063
2 0.130 0.395 0.025 0.063
2 0.165 0.379 0.030 0.060
2 0.171 0.442 0.025 0.052
2 0.197 0.424 0.022 0.061
2 0.228 0.271 0.029 0.085
2 0.238 0.198 0.029 0.080
2 0.197 0.283 0.031 0.064
2 0.194 0.213 0.036 0.074
2 0.141 0.140 0.035 0.081
2 0.708 0.323 0.036 0.075
2 0.618 0.458 0.030 0.056
2 0.582 0.574 0.019 0.039
2 0.604 0.559 0.032 0.058
2 0.632 0.548 0.029 0.065
2 0.583 0.657 0.024 0.050
2 0.570 0.706 0.022 0.051
2 0.613 0.807 0.025 0.061
2 0.633 0.750 0.024 0.057
2 0.656 0.735 0.020 0.042
2 0.683 0.716 0.022 0.051
2 0.707 0.698 0.032 0.056
2 0.657 0.675 0.029 0.070
2 0.735 0.617 0.035 0.070
2 0.786 0.644 0.024 0.051
2 0.789 0.586 0.036 0.058
2 0.745 0.441 0.032 0.046
2 0.844 0.447 0.035 0.062
1 0.599 0.223 0.034 0.064
0 0.619 0.070 0.048 0.074
0 0.668 0.087 0.039 0.058
0 0.699 0.181 0.036 0.069
0 0.851 0.227 0.043 0.084
0 0.903 0.124 0.030 0.090
0 0.872 0.076 0.042 0.075
0 0.931 0.031 0.034 0.061
0 0.835 0.645 0.032 0.070
0 0.907 0.702 0.044 0.058
0 0.794 0.717 0.052 0.078
0 0.742 0.749 0.043 0.095
0 0.771 0.790 0.025 0.057
0 0.791 0.847 0.046 0.083
0 0.902 0.960 0.043 0.068
0 0.862 0.939 0.038 0.049
0 0.293 0.931 0.036 0.063
0 0.021 0.948 0.040 0.080
0 0.075 0.702 0.039 0.078
0 0.041 0.661 0.028 0.076
0 0.115 0.652 0.037 0.073
1 0.127 0.734 0.032 0.072
0 0.218 0.555 0.036 0.097
2 0.223 0.109 0.031 0.060
0 0.835 0.886 0.029 0.058
0 0.839 0.727 0.036 0.065
1 0.780 0.328 0.027 0.083
0 0.792 0.160 0.031 0.069
0 0.693 0.035 0.042 0.069
0 0.852 0.023 0.034 0.044
1 0.682 0.474 0.053 0.050
2 0.637 0.300 0.034 0.061
2 0.699 0.571 0.032 0.058
2 0.585 0.312 0.036 0.066
2 0.638 0.363 0.034 0.052
1 0.221 0.046 0.038 0.065
2 0.195 0.135 0.036 0.077
2 0.123 0.327 0.033 0.065
2 0.135 0.236 0.039 0.071
0 0.072 0.528 0.037 0.083
0 0.182 0.782 0.036 0.075
