2 0.975 0.087 0.035 0.076
2 0.941 0.104 0.033 0.063
2 0.909 0.111 0.026 0.068
2 0.921 0.272 0.038 0.066
2 0.899 0.215 0.031 0.066
2 0.865 0.227 0.030 0.053
2 0.912 0.713 0.026 0.058
2 0.883 0.736 0.028 0.057
2 0.836 0.775 0.029 0.056
2 0.875 0.827 0.030 0.069
2 0.870 0.889 0.027 0.063
2 0.855 0.939 0.023 0.063
2 0.831 0.932 0.029 0.057
2 0.914 0.879 0.032 0.072
2 0.929 0.936 0.030 0.057
2 0.963 0.940 0.029 0.050
2 0.967 0.824 0.027 0.049
2 0.719 0.630 0.033 0.064
2 0.682 0.676 0.030 0.067
2 0.676 0.593 0.039 0.062
2 0.640 0.502 0.021 0.067
2 0.654 0.531 0.015 0.030
2 0.628 0.453 0.030 0.065
2 0.603 0.292 0.034 0.077
2 0.550 0.294 0.028 0.072
2 0.560 0.212 0.023 0.046
2 0.517 0.244 0.012 0.032
2 0.500 0.264 0.018 0.038
2 0.490 0.018 0.035 0.034
2 0.456 0.082 0.045 0.068
2 0.447 0.153 0.035 0.068
2 0.436 0.204 0.031 0.059
2 0.415 0.216 0.022 0.057
2 0.404 0.162 0.028 0.049
2 0.390 0.054 0.033 0.068
2 0.366 0.096 0.030 0.058
2 0.339 0.068 0.031 0.085
2 0.375 0.266 0.035 0.064
2 0.352 0.318 0.030 0.068
2 0.465 0.497 0.029 0.060
2 0.444 0.574 0.030 0.063
2 0.435 0.649 0.027 0.063
2 0.418 0.702 0.029 0.056
2 0.392 0.692 0.027 0.056
2 0.373 0.645 0.024 0.043
2 0.397 0.507 0.032 0.044
2 0.352 0.525 0.035 0.073
2 0.339 0.447 0.029 0.043
2 0.315 0.466 0.025 0.058
2 0.268 0.520 0.024 0.070
2 0.246 0.545 0.033 0.047
2 0.247 0.596 0.025 0.035
2 0.232 0.636 0.031 0.059
2 0.222 0.479 0.035 0.053
2 0.194 0.576 0.039 0.057
2 0.215 0.746 0.022 0.046
2 0.179 0.759 0.029 0.052
2 0.141 0.706 0.029 0.047
2 0.154 0.677 0.023 0.027
1 0.195 0.327 0.042 0.046
1 0.227 0.361 0.026 0.062
1 0.324 0.367 0.033 0.071
1 0.431 0.323 0.035 0.079
1 0.474 0.410 0.031 0.065
1 0.758 0.594 0.039 0.093
1 0.753 0.391 0.032 0.070
1 0.852 0.598 0.028 0.059
1 0.840 0.689 0.026 0.068
1 0.888 0.660 0.033 0.057
0 0.947 0.360 0.034 0.078
0 0.989 0.730 0.022 0.052
0 0.969 0.762 0.030 0.046
0 0.897 0.562 0.029 0.040
0 0.840 0.458 0.038 0.076
0 0.865 0.397 0.030 0.069
0 0.857 0.509 0.033 0.053
0 0.803 0.510 0.037 0.077
0 0.779 0.458 0.032 0.050
0 0.743 0.724 0.039 0.086
0 0.746 0.821 0.034 0.072
0 0.756 0.910 0.040 0.069
0 0.774 0.979 0.019 0.043
0 0.572 0.914 0.045 0.067
0 0.626 0.852 0.036 0.086
0 0.678 0.763 0.039 0.073
0 0.635 0.730 0.041 0.072
0 0.570 0.790 0.049 0.085
0 0.541 0.785 0.041 0.064
0 0.486 0.682 0.030 0.075
0 0.594 0.551 0.031 0.086
0 0.558 0.548 0.031 0.076
0 0.530 0.517 0.049 0.096
0 0.295 0.199 0.030 0.083
0 0.239 0.159 0.031 0.083
0 0.212 0.052 0.029 0.081
0 0.025 0.051 0.040 0.098
0 0.209 0.876 0.034 0.076
0 0.402 0.964 0.032 0.072
0 0.433 0.935 0.036 0.080
0 0.371 0.718 0.025 0.082
0 0.248 0.727 0.034 0.072
0 0.265 0.844 0.042 0.063
0 0.312 0.680 0.032 0.058
0 0.348 0.933 0.039 0.062
0 0.322 0.899 0.028 0.045
1 0.031 0.232 0.041 0.069
1 0.280 0.938 0.033 0.068
1 0.411 0.845 0.040 0.068
2 0.393 0.573 0.029 0.052
2 0.289 0.438 0.028 0.068
1 0.267 0.451 0.030 0.060
1 0.386 0.402 0.038 0.064
1 0.017 0.326 0.031 0.057
1 0.781 0.359 0.030 0.061
1 0.311 0.306 0.030 0.059
2 0.843 0.262 0.024 0.031
0 0.346 0.844 0.032 0.064
0 0.267 0.687 0.027 0.058
0 0.336 0.712 0.032 0.056
0 0.013 0.885 0.024 0.073
0 0.171 0.981 0.028 0.037
0 0.163 0.884 0.020 0.039
0 0.217 0.981 0.029 0.038
0 0.347 0.981 0.035 0.037
0 0.670 0.909 0.035 0.071
0 0.641 0.964 0.031 0.058
0 0.686 0.962 0.034 0.061
0 0.509 0.479 0.031 0.074
0 0.151 0.594 0.026 0.093
0 0.263 0.965 0.023 0.070
0 0.558 0.979 0.032 0.043
2 0.957 0.708 0.031 0.048
1 0.904 0.626 0.031 0.054
1 0.709 0.475 0.031 0.069
2 0.566 0.479 0.025 0.054
2 0.644 0.661 0.029 0.052
0 0.268 0.254 0.038 0.070
0 0.180 0.188 0.040 0.058
0 0.180 0.261 0.035 0.060
1 0.031 0.127 0.028 0.045
0 0.023 0.175 0.030 0.056
0 0.255 0.044 0.032 0.077
0 0.272 0.143 0.031 0.053
0 0.256 0.305 0.032 0.058
0 0.480 0.525 0.024 0.070
0 0.253 0.365 0.025 0.047
1 0.266 0.401 0.028 0.050
2 0.184 0.510 0.031 0.058
2 0.136 0.543 0.033 0.052
1 0.279 0.369 0.025 0.055
0 0.515 0.025 0.025 0.049
0 0.922 0.551 0.028 0.083
1 0.904 0.496 0.035 0.074
0 0.952 0.246 0.034 0.091
0 0.995 0.163 0.010 0.016
0 0.692 0.547 0.036 0.073
0 0.345 0.844 0.031 0.063
1 0.382 0.196 0.034 0.072
0 0.197 0.117 0.043 0.065
1 0.371 0.336 0.025 0.057
2 0.214 0.696 0.023 0.048
2 0.318 0.843 0.026 0.053
2 0.369 0.773 0.032 0.046
2 0.901 0.801 0.029 0.053
0 0.108 0.015 0.034 0.028
