1 0.838 0.087 0.077 0.088
1 0.734 0.493 0.107 0.063
1 0.674 0.621 0.071 0.059
1 0.570 0.522 0.079 0.081
1 0.453 0.390 0.084 0.069
1 0.304 0.572 0.081 0.076
1 0.069 0.562 0.078 0.066
1 0.144 0.511 0.070 0.057
2 0.770 0.136 0.070 0.074
2 0.696 0.036 0.112 0.071
2 0.715 0.187 0.081 0.061
2 0.564 0.111 0.074 0.065
2 0.413 0.100 0.090 0.073
2 0.490 0.167 0.074 0.074
2 0.465 0.231 0.075 0.058
2 0.406 0.278 0.067 0.052
2 0.339 0.254 0.069 0.061
2 0.639 0.262 0.078 0.059
2 0.616 0.346 0.072 0.059
2 0.587 0.401 0.062 0.059
2 0.526 0.404 0.049 0.062
2 0.499 0.344 0.066 0.056
2 0.732 0.454 0.044 0.047
2 0.769 0.437 0.031 0.037
2 0.854 0.489 0.070 0.071
2 0.650 0.707 0.072 0.056
2 0.601 0.789 0.066 0.060
2 0.465 0.605 0.108 0.071
2 0.575 0.862 0.071 0.059
2 0.529 0.921 0.067 0.061
2 0.469 0.908 0.061 0.049
2 0.377 0.731 0.068 0.079
2 0.485 0.712 0.075 0.058
2 0.348 0.654 0.052 0.058
2 0.289 0.672 0.067 0.054
2 0.237 0.649 0.060 0.065
1 0.166 0.654 0.075 0.063
2 0.160 0.727 0.074 0.056
2 0.119 0.768 0.083 0.047
2 0.053 0.693 0.094 0.073
2 0.115 0.817 0.048 0.031
2 0.074 0.850 0.085 0.073
2 0.039 0.913 0.053 0.037
2 0.036 0.964 0.052 0.048
0 0.125 0.943 0.081 0.067
0 0.269 0.892 0.086 0.084
0 0.426 0.936 0.093 0.097
0 0.804 0.722 0.114 0.096
0 0.881 0.752 0.072 0.077
0 0.963 0.764 0.075 0.086
0 0.701 0.900 0.079 0.085
0 0.235 0.389 0.069 0.093
0 0.174 0.380 0.053 0.067
0 0.035 0.237 0.068 0.088
0 0.033 0.049 0.064 0.075
0 0.080 0.354 0.107 0.098
2 0.376 0.516 0.090 0.072
2 0.428 0.464 0.084 0.073
0 0.758 0.690 0.071 0.083
2 0.423 0.846 0.064 0.049
2 0.475 0.784 0.076 0.055
2 0.539 0.755 0.049 0.052
2 0.017 0.794 0.031 0.065
2 0.877 0.399 0.056 0.060
2 0.976 0.490 0.047 0.071
2 0.521 0.275 0.077 0.063
2 0.563 0.193 0.076 0.067
0 0.169 0.448 0.089 0.075
0 0.771 0.207 0.071 0.055
0 0.231 0.020 0.087 0.039
0 0.140 0.227 0.076 0.071
1 0.275 0.502 0.069 0.058
1 0.194 0.567 0.066 0.059
2 0.165 0.603 0.069 0.048
0 0.331 0.931 0.074 0.061
0 0.198 0.958 0.083 0.060
1 0.015 0.521 0.028 0.057
0 0.908 0.017 0.099 0.033
0 0.788 0.787 0.040 0.032
0 0.915 0.982 0.086 0.037
0 0.838 0.981 0.081 0.039
0 0.137 0.834 0.069 0.076
1 0.425 0.533 0.046 0.059
0 0.621 0.179 0.079 0.078
