2 0.475 0.049 0.035 0.078
2 0.507 0.055 0.033 0.076
2 0.538 0.075 0.029 0.067
2 0.575 0.065 0.033 0.048
2 0.269 0.192 0.046 0.061
2 0.362 0.256 0.046 0.065
2 0.613 0.342 0.063 0.070
2 0.522 0.465 0.036 0.060
2 0.511 0.536 0.050 0.066
2 0.421 0.386 0.051 0.051
2 0.369 0.390 0.045 0.059
2 0.371 0.507 0.060 0.052
2 0.353 0.574 0.049 0.073
2 0.438 0.570 0.047 0.069
2 0.487 0.648 0.047 0.066
2 0.553 0.742 0.045 0.067
2 0.441 0.788 0.051 0.087
2 0.406 0.824 0.034 0.059
2 0.582 0.658 0.045 0.074
2 0.656 0.767 0.060 0.075
2 0.651 0.871 0.033 0.057
2 0.623 0.892 0.022 0.068
2 0.764 0.862 0.043 0.053
2 0.752 0.806 0.056 0.049
2 0.820 0.757 0.052 0.059
2 0.837 0.698 0.043 0.069
2 0.789 0.637 0.053 0.067
2 0.811 0.603 0.052 0.048
2 0.859 0.579 0.056 0.081
2 0.782 0.555 0.060 0.039
2 0.747 0.490 0.040 0.082
2 0.617 0.072 0.035 0.048
2 0.638 0.025 0.029 0.048
2 0.864 0.852 0.045 0.064
1 0.705 0.445 0.078 0.066
1 0.768 0.390 0.075 0.118
1 0.862 0.497 0.057 0.094
1 0.880 0.700 0.055 0.101
0 0.902 0.904 0.056 0.072
0 0.753 0.259 0.076 0.114
0 0.672 0.325 0.052 0.100
0 0.511 0.197 0.046 0.072
0 0.563 0.473 0.039 0.077
0 0.320 0.040 0.056 0.078
0 0.224 0.318 0.056 0.081
0 0.308 0.365 0.071 0.047
0 0.171 0.351 0.026 0.083
0 0.158 0.449 0.064 0.104
0 0.093 0.701 0.029 0.089
0 0.024 0.629 0.042 0.057
0 0.561 0.964 0.056 0.070
2 0.058 0.789 0.051 0.062
2 0.044 0.871 0.046 0.066
2 0.319 0.439 0.051 0.084
2 0.483 0.386 0.058 0.066
2 0.331 0.693 0.042 0.053
2 0.341 0.758 0.049 0.067
2 0.654 0.601 0.064 0.072
2 0.722 0.682 0.042 0.065
2 0.412 0.701 0.047 0.068
2 0.167 0.928 0.051 0.069
2 0.171 0.776 0.062 0.079
2 0.035 0.978 0.054 0.044
2 0.096 0.966 0.052 0.068
0 0.954 0.964 0.056 0.067
0 0.807 0.962 0.060 0.067
0 0.243 0.818 0.020 0.031
0 0.250 0.901 0.022 0.037
0 0.282 0.856 0.016 0.031
0 0.282 0.886 0.015 0.019
0 0.279 0.920 0.018 0.026
0 0.275 0.822 0.016 0.031
2 0.287 0.535 0.024 0.041
2 0.541 0.289 0.047 0.072
2 0.498 0.334 0.048 0.064
2 0.283 0.252 0.031 0.057
