0 0.654 0.952 0.139 0.095
0 0.040 0.494 0.077 0.132
1 0.085 0.740 0.088 0.092
1 0.397 0.684 0.083 0.104
1 0.523 0.822 0.081 0.090
1 0.587 0.667 0.095 0.081
1 0.299 0.519 0.084 0.102
1 0.732 0.101 0.081 0.112
2 0.602 0.045 0.123 0.082
2 0.475 0.131 0.071 0.084
2 0.667 0.171 0.082 0.057
2 0.623 0.243 0.094 0.098
2 0.555 0.355 0.081 0.092
2 0.414 0.225 0.074 0.105
2 0.464 0.241 0.035 0.072
2 0.390 0.324 0.077 0.087
2 0.325 0.385 0.080 0.084
2 0.243 0.334 0.089 0.092
2 0.296 0.119 0.103 0.100
2 0.516 0.471 0.076 0.085
2 0.476 0.545 0.071 0.089
2 0.412 0.546 0.061 0.076
2 0.198 0.672 0.070 0.110
2 0.259 0.609 0.078 0.097
2 0.058 0.875 0.066 0.085
2 0.127 0.847 0.078 0.090
2 0.181 0.962 0.079 0.076
2 0.317 0.956 0.091 0.078
2 0.490 0.940 0.080 0.082
2 0.620 0.612 0.046 0.071
2 0.667 0.592 0.053 0.076
2 0.770 0.673 0.071 0.098
2 0.873 0.664 0.081 0.107
2 0.928 0.886 0.071 0.075
2 0.959 0.959 0.061 0.072
0 0.583 0.910 0.082 0.110
1 0.275 0.806 0.084 0.097
1 0.683 0.018 0.059 0.034
1 0.050 0.644 0.089 0.081
1 0.162 0.579 0.078 0.072
1 0.182 0.350 0.046 0.054
2 0.749 0.538 0.071 0.087
2 0.644 0.533 0.051 0.060
2 0.373 0.454 0.076 0.080
1 0.670 0.190 0.083 0.075
2 0.275 0.203 0.077 0.078
0 0.244 0.244 0.077 0.081
0 0.090 0.431 0.080 0.070
0 0.859 0.275 0.024 0.028
1 0.844 0.725 0.060 0.093
0 0.746 0.984 0.067 0.033
2 0.127 0.502 0.066 0.073
0 0.020 0.964 0.037 0.072
0 0.103 0.981 0.075 0.038
0 0.532 0.111 0.090 0.145
0 0.924 0.373 0.017 0.024
0 0.857 0.307 0.021 0.021
2 0.762 0.927 0.071 0.085
