1 0.078 0.715 0.072 0.105
1 0.182 0.605 0.086 0.114
1 0.350 0.480 0.062 0.095
1 0.403 0.577 0.071 0.082
1 0.610 0.563 0.056 0.105
1 0.513 0.546 0.065 0.098
1 0.850 0.768 0.072 0.093
1 0.616 0.461 0.068 0.067
2 0.787 0.736 0.076 0.107
2 0.842 0.844 0.093 0.067
2 0.885 0.905 0.045 0.069
2 0.940 0.908 0.051 0.069
2 0.944 0.803 0.084 0.087
2 0.740 0.156 0.065 0.049
2 0.758 0.223 0.056 0.079
2 0.829 0.242 0.050 0.077
2 0.860 0.175 0.075 0.089
2 0.863 0.100 0.070 0.090
2 0.943 0.062 0.089 0.066
2 0.967 0.166 0.066 0.078
2 0.772 0.033 0.070 0.064
2 0.307 0.675 0.051 0.067
2 0.435 0.646 0.060 0.072
2 0.427 0.753 0.059 0.080
2 0.332 0.767 0.079 0.087
2 0.383 0.848 0.057 0.076
2 0.328 0.844 0.052 0.076
2 0.184 0.725 0.060 0.065
0 0.182 0.465 0.075 0.115
0 0.116 0.457 0.074 0.085
0 0.220 0.348 0.079 0.102
0 0.262 0.241 0.108 0.090
0 0.272 0.079 0.095 0.106
0 0.157 0.049 0.093 0.097
0 0.402 0.026 0.094 0.050
0 0.470 0.035 0.069 0.069
0 0.604 0.101 0.089 0.098
0 0.619 0.217 0.080 0.099
0 0.601 0.329 0.074 0.100
0 0.457 0.278 0.080 0.098
0 0.389 0.353 0.063 0.060
0 0.826 0.358 0.089 0.106
0 0.931 0.308 0.094 0.082
0 0.913 0.389 0.077 0.072
0 0.983 0.381 0.034 0.086
0 0.967 0.467 0.066 0.057
0 0.816 0.448 0.128 0.087
0 0.774 0.531 0.093 0.087
0 0.753 0.622 0.093 0.078
0 0.872 0.652 0.070 0.097
0 0.950 0.605 0.065 0.089
0 0.709 0.966 0.083 0.068
0 0.270 0.536 0.076 0.095
0 0.136 0.361 0.098 0.086
0 0.618 0.940 0.064 0.096
0 0.626 0.840 0.067 0.091
1 0.260 0.643 0.065 0.111
1 0.424 0.479 0.075 0.089
1 0.285 0.441 0.058 0.064
1 0.947 0.715 0.070 0.090
2 0.239 0.802 0.060 0.078
0 0.659 0.533 0.061 0.107
0 0.659 0.306 0.040 0.095
0 0.430 0.203 0.070 0.081
0 0.372 0.148 0.079 0.109
0 0.596 0.015 0.085 0.029
0 0.740 0.750 0.058 0.091
0 0.985 0.661 0.029 0.114
0 0.945 0.233 0.070 0.081
0 0.732 0.487 0.068 0.093
0 0.609 0.412 0.097 0.056
1 0.507 0.449 0.059 0.091
0 0.870 0.968 0.065 0.063
0 0.816 0.951 0.052 0.097
0 0.937 0.972 0.059 0.056
