1 0.536 0.209 0.070 0.067
1 0.453 0.161 0.074 0.093
1 0.326 0.149 0.063 0.068
1 0.277 0.184 0.057 0.069
1 0.232 0.129 0.061 0.083
1 0.153 0.106 0.067 0.074
1 0.188 0.038 0.071 0.072
1 0.752 0.489 0.073 0.049
1 0.637 0.655 0.080 0.097
1 0.528 0.739 0.061 0.082
1 0.518 0.889 0.106 0.079
1 0.596 0.912 0.098 0.051
1 0.637 0.875 0.075 0.041
1 0.687 0.913 0.070 0.045
1 0.657 0.957 0.053 0.034
1 0.750 0.981 0.074 0.038
1 0.517 0.825 0.080 0.046
1 0.248 0.657 0.056 0.091
1 0.186 0.522 0.093 0.094
1 0.250 0.520 0.048 0.069
2 0.218 0.691 0.067 0.078
2 0.166 0.728 0.071 0.086
2 0.611 0.499 0.070 0.047
2 0.605 0.449 0.079 0.051
2 0.559 0.523 0.037 0.064
2 0.509 0.507 0.063 0.051
2 0.544 0.435 0.055 0.054
2 0.576 0.350 0.036 0.037
2 0.663 0.042 0.050 0.070
2 0.792 0.080 0.029 0.056
2 0.838 0.123 0.037 0.046
2 0.874 0.124 0.035 0.071
2 0.960 0.062 0.056 0.059
2 0.977 0.121 0.036 0.057
2 0.940 0.663 0.061 0.051
2 0.906 0.793 0.094 0.072
2 0.847 0.823 0.036 0.064
2 0.806 0.830 0.045 0.046
2 0.765 0.869 0.050 0.062
2 0.728 0.851 0.061 0.056
2 0.085 0.471 0.054 0.094
2 0.083 0.753 0.070 0.068
2 0.096 0.705 0.078 0.073
2 0.489 0.456 0.050 0.073
2 0.606 0.025 0.054 0.049
1 0.278 0.621 0.069 0.071
