0 0.310 0.034 0.077 0.052
0 0.274 0.108 0.105 0.066
0 0.217 0.199 0.083 0.067
0 0.371 0.168 0.086 0.065
0 0.381 0.234 0.082 0.052
0 0.510 0.207 0.088 0.053
0 0.504 0.157 0.089 0.037
0 0.498 0.113 0.108 0.041
0 0.767 0.329 0.034 0.057
0 0.814 0.324 0.064 0.037
0 0.839 0.357 0.058 0.044
0 0.886 0.506 0.074 0.037
0 0.657 0.558 0.086 0.051
0 0.767 0.692 0.090 0.065
0 0.695 0.705 0.074 0.060
0 0.823 0.653 0.066 0.065
0 0.886 0.701 0.059 0.063
0 0.743 0.625 0.050 0.055
0 0.687 0.606 0.058 0.039
0 0.509 0.576 0.076 0.061
0 0.528 0.517 0.085 0.054
0 0.757 0.820 0.087 0.061
0 0.667 0.824 0.084 0.061
0 0.682 0.887 0.084 0.054
0 0.585 0.579 0.072 0.048
0 0.532 0.620 0.101 0.038
2 0.527 0.903 0.067 0.042
2 0.572 0.892 0.033 0.033
2 0.591 0.857 0.059 0.047
2 0.713 0.939 0.056 0.037
2 0.757 0.978 0.066 0.044
2 0.812 0.955 0.060 0.053
2 0.805 0.907 0.066 0.048
2 0.866 0.824 0.069 0.039
2 0.838 0.788 0.081 0.032
2 0.974 0.689 0.051 0.028
2 0.931 0.662 0.043 0.037
2 0.948 0.598 0.027 0.058
2 0.819 0.457 0.064 0.046
2 0.756 0.408 0.054 0.065
2 0.686 0.344 0.063 0.046
2 0.695 0.392 0.056 0.030
2 0.632 0.400 0.073 0.051
2 0.575 0.352 0.073 0.054
2 0.580 0.178 0.066 0.044
2 0.686 0.200 0.046 0.046
2 0.446 0.355 0.074 0.058
2 0.532 0.426 0.066 0.054
2 0.431 0.479 0.062 0.048
2 0.363 0.458 0.062 0.032
2 0.272 0.429 0.053 0.037
2 0.225 0.469 0.065 0.042
2 0.334 0.353 0.075 0.067
2 0.268 0.323 0.072 0.050
2 0.327 0.271 0.072 0.057
2 0.441 0.080 0.065 0.057
2 0.532 0.295 0.058 0.054
0 0.469 0.311 0.068 0.041
0 0.409 0.821 0.088 0.065
0 0.306 0.960 0.075 0.049
0 0.947 0.564 0.044 0.026
0 0.560 0.772 0.063 0.053
2 0.354 0.415 0.064 0.042
2 0.477 0.441 0.043 0.040
2 0.763 0.482 0.045 0.040
2 0.642 0.133 0.069 0.053
2 0.647 0.051 0.056 0.039
0 0.199 0.086 0.070 0.062
0 0.584 0.700 0.094 0.054
0 0.414 0.702 0.073 0.061
0 0.659 0.476 0.066 0.046
0 0.739 0.773 0.075 0.040
