0 0.956 0.260 0.088 0.103
0 0.881 0.366 0.100 0.075
0 0.597 0.690 0.128 0.082
0 0.546 0.630 0.116 0.099
0 0.548 0.518 0.115 0.113
0 0.432 0.524 0.123 0.119
0 0.371 0.464 0.113 0.141
0 0.454 0.347 0.142 0.093
0 0.308 0.371 0.122 0.107
0 0.330 0.128 0.093 0.086
0 0.526 0.775 0.076 0.073
2 0.645 0.781 0.109 0.076
2 0.701 0.876 0.081 0.070
2 0.607 0.887 0.113 0.061
2 0.811 0.439 0.075 0.072
2 0.751 0.309 0.087 0.075
2 0.681 0.298 0.082 0.053
2 0.681 0.159 0.088 0.062
2 0.692 0.079 0.087 0.062
2 0.606 0.126 0.100 0.063
2 0.537 0.137 0.059 0.070
2 0.479 0.174 0.069 0.062
2 0.619 0.216 0.084 0.062
0 0.330 0.207 0.119 0.078
0 0.233 0.284 0.137 0.088
0 0.134 0.592 0.104 0.072
0 0.349 0.865 0.070 0.070
0 0.957 0.116 0.079 0.068
0 0.087 0.280 0.075 0.080
0 0.213 0.710 0.065 0.067
0 0.283 0.458 0.066 0.068
2 0.546 0.262 0.084 0.061
0 0.421 0.252 0.122 0.082
