2 0.935 0.312 0.077 0.043
2 0.927 0.361 0.080 0.045
2 0.956 0.398 0.056 0.044
2 0.597 0.379 0.064 0.046
2 0.533 0.378 0.056 0.048
2 0.515 0.335 0.066 0.038
2 0.597 0.347 0.073 0.033
2 0.612 0.300 0.068 0.048
2 0.591 0.253 0.069 0.045
2 0.521 0.288 0.086 0.045
2 0.460 0.305 0.061 0.039
2 0.417 0.333 0.060 0.043
2 0.361 0.343 0.051 0.045
2 0.354 0.305 0.057 0.032
2 0.357 0.263 0.066 0.037
2 0.437 0.261 0.065 0.042
2 0.367 0.221 0.057 0.047
2 0.390 0.175 0.056 0.041
2 0.510 0.242 0.058 0.044
2 0.407 0.642 0.082 0.045
2 0.513 0.671 0.071 0.048
2 0.476 0.712 0.049 0.040
2 0.410 0.677 0.085 0.031
2 0.244 0.710 0.074 0.041
2 0.139 0.700 0.069 0.035
2 0.147 0.637 0.055 0.028
2 0.219 0.747 0.058 0.037
2 0.257 0.767 0.065 0.053
2 0.466 0.800 0.058 0.047
2 0.415 0.787 0.048 0.048
2 0.282 0.850 0.054 0.035
2 0.333 0.861 0.069 0.039
2 0.330 0.894 0.077 0.043
2 0.835 0.947 0.052 0.040
1 0.136 0.892 0.074 0.044
1 0.088 0.882 0.049 0.044
1 0.430 0.928 0.102 0.069
1 0.774 0.931 0.072 0.066
1 0.956 0.965 0.088 0.048
1 0.948 0.818 0.104 0.036
1 0.969 0.768 0.061 0.065
1 0.815 0.864 0.057 0.058
1 0.738 0.875 0.074 0.064
1 0.662 0.835 0.077 0.071
1 0.722 0.819 0.070 0.059
1 0.702 0.751 0.067 0.058
1 0.786 0.745 0.054 0.056
1 0.600 0.788 0.086 0.075
1 0.569 0.729 0.104 0.063
1 0.591 0.634 0.096 0.071
1 0.736 0.604 0.074 0.045
1 0.566 0.563 0.061 0.061
1 0.495 0.607 0.071 0.047
1 0.449 0.528 0.078 0.037
1 0.323 0.533 0.082 0.041
1 0.235 0.565 0.074 0.034
1 0.273 0.633 0.077 0.039
1 0.486 0.456 0.097 0.058
1 0.589 0.425 0.073 0.052
1 0.469 0.365 0.078 0.053
1 0.411 0.385 0.082 0.044
1 0.826 0.207 0.063 0.071
1 0.755 0.189 0.076 0.066
1 0.435 0.128 0.086 0.061
1 0.422 0.068 0.096 0.054
1 0.369 0.053 0.072 0.058
1 0.317 0.928 0.086 0.035
1 0.740 0.698 0.092 0.056
1 0.344 0.442 0.021 0.021
1 0.372 0.438 0.024 0.018
1 0.401 0.445 0.029 0.014
1 0.343 0.465 0.027 0.019
1 0.298 0.499 0.027 0.018
1 0.408 0.429 0.018 0.016
1 0.370 0.411 0.030 0.021
1 0.752 0.246 0.031 0.028
1 0.331 0.163 0.037 0.025
1 0.310 0.176 0.029 0.023
1 0.346 0.132 0.024 0.022
1 0.666 0.629 0.049 0.047
