1 0.637 0.858 0.076 0.091
1 0.749 0.915 0.056 0.058
2 0.845 0.393 0.056 0.067
2 0.790 0.400 0.057 0.089
2 0.796 0.299 0.036 0.065
2 0.830 0.276 0.035 0.056
2 0.757 0.273 0.036 0.064
2 0.719 0.270 0.046 0.055
2 0.689 0.316 0.052 0.062
2 0.639 0.296 0.060 0.065
2 0.674 0.234 0.052 0.061
2 0.714 0.191 0.051 0.056
2 0.629 0.192 0.050 0.066
2 0.550 0.213 0.057 0.066
2 0.529 0.159 0.057 0.059
2 0.558 0.102 0.056 0.076
2 0.498 0.057 0.048 0.071
2 0.436 0.041 0.075 0.066
2 0.354 0.092 0.066 0.054
2 0.361 0.221 0.060 0.078
2 0.442 0.180 0.072 0.047
2 0.441 0.223 0.049 0.049
2 0.434 0.292 0.050 0.058
2 0.345 0.310 0.055 0.079
2 0.291 0.316 0.049 0.071
2 0.282 0.371 0.058 0.042
2 0.284 0.437 0.055 0.071
2 0.232 0.449 0.045 0.061
2 0.162 0.394 0.049 0.043
2 0.190 0.352 0.053 0.055
2 0.222 0.305 0.051 0.049
2 0.243 0.237 0.060 0.072
2 0.191 0.209 0.054 0.091
2 0.597 0.456 0.071 0.077
2 0.602 0.388 0.054 0.059
2 0.637 0.502 0.051 0.069
2 0.598 0.533 0.062 0.052
2 0.583 0.578 0.056 0.067
2 0.510 0.541 0.054 0.049
2 0.521 0.459 0.036 0.041
2 0.467 0.565 0.047 0.055
2 0.292 0.614 0.066 0.055
2 0.275 0.675 0.059 0.065
2 0.232 0.716 0.055 0.059
2 0.185 0.685 0.054 0.055
2 0.275 0.779 0.050 0.078
2 0.303 0.814 0.033 0.078
2 0.524 0.693 0.075 0.077
2 0.554 0.745 0.057 0.058
2 0.567 0.810 0.085 0.069
2 0.549 0.961 0.054 0.066
2 0.541 0.900 0.075 0.068
2 0.471 0.945 0.058 0.071
2 0.461 0.884 0.066 0.070
2 0.456 0.828 0.069 0.066
2 0.842 0.449 0.071 0.044
