2 0.553 0.167 0.066 0.058
2 0.578 0.122 0.063 0.043
2 0.490 0.157 0.058 0.052
2 0.367 0.079 0.070 0.049
2 0.312 0.107 0.071 0.062
2 0.205 0.173 0.075 0.056
2 0.207 0.255 0.058 0.056
2 0.133 0.250 0.053 0.044
2 0.100 0.205 0.075 0.051
2 0.109 0.156 0.069 0.050
1 0.194 0.029 0.117 0.046
1 0.242 0.081 0.081 0.072
1 0.287 0.163 0.063 0.071
1 0.352 0.421 0.105 0.072
1 0.224 0.458 0.127 0.042
1 0.183 0.408 0.075 0.064
1 0.277 0.618 0.093 0.078
1 0.154 0.626 0.076 0.063
1 0.122 0.674 0.124 0.044
1 0.363 0.650 0.068 0.050
1 0.446 0.646 0.074 0.057
1 0.375 0.720 0.068 0.046
1 0.135 0.827 0.105 0.055
1 0.215 0.841 0.105 0.062
1 0.179 0.904 0.076 0.067
1 0.256 0.882 0.078 0.065
1 0.214 0.956 0.074 0.055
1 0.304 0.957 0.100 0.056
1 0.826 0.932 0.042 0.052
1 0.782 0.915 0.059 0.043
1 0.719 0.895 0.076 0.055
1 0.683 0.853 0.078 0.048
1 0.674 0.800 0.074 0.070
1 0.742 0.774 0.072 0.053
2 0.354 0.512 0.053 0.049
1 0.879 0.743 0.069 0.055
1 0.482 0.470 0.102 0.052
1 0.012 0.721 0.022 0.053
1 0.761 0.676 0.054 0.038
1 0.762 0.728 0.059 0.040
1 0.987 0.658 0.025 0.044
1 0.238 0.578 0.073 0.053
1 0.240 0.309 0.042 0.047
2 0.571 0.069 0.088 0.053
1 0.022 0.051 0.041 0.075
1 0.550 0.775 0.055 0.058
1 0.318 0.535 0.070 0.037
1 0.166 0.976 0.067 0.048
