2 0.831 0.941 0.070 0.073
2 0.341 0.899 0.076 0.090
2 0.681 0.441 0.032 0.067
2 0.722 0.446 0.056 0.054
2 0.772 0.437 0.050 0.067
2 0.390 0.380 0.063 0.065
2 0.512 0.090 0.045 0.043
1 0.815 0.194 0.066 0.081
1 0.753 0.268 0.067 0.083
1 0.721 0.159 0.070 0.078
1 0.613 0.130 0.046 0.062
1 0.573 0.122 0.046 0.075
1 0.469 0.109 0.051 0.069
1 0.420 0.069 0.085 0.074
1 0.383 0.110 0.063 0.071
1 0.332 0.036 0.069 0.057
1 0.312 0.095 0.073 0.078
1 0.280 0.166 0.067 0.075
1 0.275 0.231 0.077 0.071
1 0.373 0.278 0.082 0.084
1 0.289 0.286 0.076 0.057
1 0.271 0.343 0.055 0.070
1 0.328 0.352 0.072 0.069
1 0.307 0.405 0.072 0.081
1 0.053 0.417 0.067 0.073
1 0.115 0.413 0.056 0.080
1 0.178 0.417 0.065 0.070
1 0.204 0.465 0.067 0.060
1 0.247 0.514 0.062 0.065
1 0.300 0.549 0.088 0.096
1 0.428 0.456 0.077 0.064
1 0.429 0.539 0.081 0.083
1 0.415 0.637 0.087 0.082
1 0.400 0.716 0.086 0.068
1 0.379 0.790 0.082 0.076
1 0.283 0.736 0.085 0.079
1 0.251 0.793 0.099 0.086
1 0.268 0.869 0.104 0.092
1 0.414 0.913 0.058 0.060
1 0.898 0.947 0.082 0.093
1 0.933 0.860 0.079 0.082
1 0.825 0.823 0.065 0.094
1 0.851 0.771 0.078 0.085
1 0.960 0.736 0.068 0.088
1 0.939 0.655 0.077 0.069
1 0.949 0.577 0.084 0.088
1 0.958 0.488 0.074 0.087
1 0.822 0.697 0.084 0.081
1 0.594 0.450 0.069 0.050
1 0.591 0.405 0.061 0.062
1 0.616 0.354 0.069 0.070
1 0.047 0.564 0.020 0.017
1 0.104 0.514 0.016 0.018
1 0.032 0.550 0.018 0.018
1 0.085 0.492 0.015 0.013
1 0.114 0.493 0.015 0.014
1 0.097 0.479 0.013 0.012
1 0.586 0.819 0.056 0.078
1 0.591 0.624 0.018 0.016
1 0.543 0.662 0.016 0.010
1 0.625 0.624 0.014 0.012
1 0.484 0.600 0.014 0.016
1 0.505 0.568 0.014 0.014
1 0.487 0.578 0.014 0.013
2 0.541 0.556 0.012 0.012
2 0.517 0.550 0.010 0.012
1 0.077 0.507 0.017 0.013
1 0.076 0.481 0.015 0.016
1 0.488 0.828 0.051 0.036
1 0.752 0.629 0.070 0.084
1 0.848 0.628 0.084 0.063
1 0.803 0.132 0.052 0.064
1 0.734 0.117 0.042 0.057
