0 0.386 0.146 0.162 0.080
0 0.586 0.238 0.182 0.080
0 0.325 0.297 0.131 0.070
0 0.301 0.371 0.150 0.077
0 0.493 0.356 0.139 0.066
0 0.480 0.429 0.153 0.062
0 0.448 0.495 0.139 0.057
0 0.300 0.509 0.148 0.078
0 0.356 0.643 0.119 0.052
0 0.406 0.591 0.091 0.041
0 0.619 0.737 0.178 0.052
0 0.675 0.925 0.122 0.079
0 0.540 0.909 0.147 0.080
0 0.346 0.892 0.139 0.072
0 0.376 0.819 0.147 0.069
0 0.161 0.978 0.096 0.035
0 0.074 0.680 0.102 0.051
0 0.475 0.556 0.134 0.058
0 0.720 0.137 0.167 0.081
0 0.345 0.450 0.141 0.053
0 0.341 0.716 0.147 0.073
0 0.543 0.789 0.172 0.070
0 0.216 0.865 0.117 0.068
0 0.275 0.935 0.114 0.052
0 0.054 0.984 0.087 0.032
0 0.273 0.807 0.110 0.073
0 0.529 0.295 0.155 0.064
0 0.433 0.673 0.114 0.045
0 0.510 0.968 0.133 0.060
0 0.636 0.975 0.147 0.051
0 0.281 0.808 0.113 0.073
