2 0.671 0.428 0.127 0.085
0 0.912 0.537 0.109 0.086
0 0.837 0.474 0.141 0.087
0 0.708 0.559 0.156 0.093
0 0.891 0.648 0.157 0.081
0 0.901 0.713 0.183 0.097
0 0.937 0.769 0.111 0.109
0 0.762 0.689 0.133 0.079
0 0.789 0.351 0.132 0.087
0 0.667 0.342 0.102 0.073
0 0.844 0.263 0.075 0.056
0 0.547 0.293 0.123 0.080
0 0.539 0.197 0.103 0.072
0 0.388 0.283 0.160 0.074
0 0.441 0.431 0.123 0.083
0 0.295 0.156 0.097 0.075
0 0.208 0.618 0.129 0.058
0 0.268 0.708 0.105 0.072
0 0.386 0.700 0.073 0.060
0 0.280 0.777 0.129 0.072
0 0.379 0.844 0.102 0.075
0 0.786 0.769 0.094 0.080
0 0.337 0.614 0.091 0.071
0 0.759 0.106 0.112 0.080
0 0.806 0.182 0.109 0.072
0 0.092 0.069 0.136 0.079
0 0.226 0.044 0.138 0.075
0 0.739 0.256 0.102 0.084
0 0.275 0.849 0.118 0.061
2 0.902 0.398 0.109 0.079
0 0.562 0.383 0.126 0.094
0 0.395 0.367 0.094 0.080
0 0.126 0.514 0.078 0.076
