1 0.377 0.924 0.064 0.039
1 0.242 0.682 0.076 0.044
0 0.052 0.123 0.080 0.056
0 0.059 0.071 0.068 0.053
0 0.544 0.099 0.102 0.051
0 0.654 0.098 0.092 0.049
0 0.562 0.144 0.098 0.034
0 0.492 0.158 0.094 0.038
1 0.551 0.199 0.078 0.031
1 0.538 0.239 0.079 0.029
0 0.409 0.236 0.079 0.053
2 0.684 0.394 0.081 0.051
2 0.645 0.363 0.064 0.035
2 0.592 0.358 0.062 0.033
2 0.570 0.390 0.073 0.036
2 0.519 0.364 0.062 0.031
2 0.463 0.426 0.071 0.037
2 0.379 0.421 0.060 0.036
2 0.363 0.382 0.061 0.033
2 0.566 0.640 0.081 0.032
2 0.246 0.749 0.085 0.038
2 0.302 0.686 0.051 0.039
1 0.425 0.597 0.061 0.027
0 0.826 0.954 0.091 0.055
0 0.947 0.946 0.089 0.050
0 0.843 0.903 0.084 0.047
0 0.885 0.788 0.103 0.058
0 0.378 0.824 0.067 0.037
0 0.475 0.803 0.051 0.033
0 0.379 0.777 0.063 0.042
0 0.470 0.758 0.058 0.037
0 0.480 0.727 0.062 0.038
0 0.491 0.680 0.084 0.045
1 0.495 0.637 0.067 0.034
1 0.425 0.642 0.061 0.039
0 0.444 0.550 0.077 0.037
0 0.333 0.545 0.080 0.032
0 0.320 0.601 0.107 0.042
1 0.356 0.669 0.068 0.044
1 0.162 0.717 0.062 0.038
0 0.425 0.483 0.085 0.045
0 0.516 0.550 0.082 0.040
0 0.507 0.486 0.082 0.039
0 0.966 0.900 0.068 0.046
0 0.977 0.856 0.045 0.049
0 0.317 0.969 0.079 0.044
0 0.452 0.921 0.067 0.039
0 0.326 0.501 0.114 0.034
0 0.211 0.616 0.090 0.041
1 0.256 0.634 0.064 0.030
0 0.371 0.733 0.072 0.045
1 0.164 0.669 0.071 0.039
0 0.246 0.987 0.084 0.026
0 0.029 0.332 0.052 0.047
0 0.024 0.367 0.045 0.043
