2 0.303 0.242 0.112 0.092
2 0.390 0.329 0.087 0.063
2 0.454 0.371 0.090 0.061
1 0.520 0.218 0.150 0.108
1 0.549 0.060 0.153 0.095
0 0.958 0.109 0.084 0.086
0 0.893 0.166 0.105 0.085
0 0.809 0.210 0.099 0.075
0 0.794 0.290 0.122 0.081
0 0.849 0.346 0.102 0.090
0 0.646 0.448 0.133 0.086
0 0.688 0.537 0.126 0.091
0 0.685 0.627 0.120 0.086
0 0.700 0.721 0.113 0.100
0 0.592 0.816 0.101 0.094
0 0.543 0.737 0.123 0.102
0 0.526 0.660 0.145 0.101
0 0.458 0.542 0.139 0.108
0 0.333 0.545 0.129 0.090
0 0.355 0.421 0.114 0.087
0 0.358 0.814 0.114 0.079
0 0.403 0.881 0.103 0.071
0 0.448 0.960 0.102 0.079
0 0.576 0.945 0.106 0.083
1 0.336 0.136 0.114 0.081
0 0.127 0.139 0.102 0.072
0 0.114 0.346 0.085 0.079
0 0.878 0.062 0.114 0.077
0 0.911 0.370 0.076 0.081
0 0.500 0.468 0.123 0.071
0 0.545 0.579 0.118 0.080
