2 0.662 0.535 0.069 0.055
2 0.618 0.493 0.047 0.065
2 0.720 0.413 0.059 0.071
2 0.397 0.888 0.060 0.091
2 0.091 0.759 0.076 0.092
2 0.158 0.933 0.089 0.075
2 0.973 0.634 0.048 0.072
0 0.870 0.671 0.057 0.081
0 0.670 0.628 0.102 0.099
0 0.715 0.536 0.058 0.096
0 0.530 0.627 0.109 0.096
0 0.524 0.541 0.086 0.084
0 0.519 0.465 0.087 0.091
0 0.606 0.371 0.090 0.107
0 0.858 0.218 0.055 0.058
0 0.553 0.203 0.095 0.104
0 0.646 0.094 0.083 0.095
0 0.429 0.141 0.105 0.109
0 0.440 0.238 0.105 0.092
0 0.474 0.357 0.100 0.094
0 0.342 0.250 0.103 0.107
0 0.397 0.421 0.095 0.102
0 0.306 0.422 0.092 0.104
0 0.296 0.525 0.110 0.104
0 0.322 0.630 0.098 0.109
0 0.221 0.659 0.109 0.099
0 0.237 0.747 0.105 0.085
0 0.197 0.455 0.110 0.116
0 0.150 0.343 0.111 0.112
0 0.462 0.879 0.090 0.059
0 0.502 0.943 0.082 0.087
0 0.571 0.899 0.083 0.095
0 0.633 0.946 0.082 0.092
0 0.694 0.882 0.090 0.096
0 0.082 0.041 0.098 0.080
0 0.803 0.456 0.071 0.084
0 0.874 0.461 0.061 0.075
0 0.856 0.613 0.083 0.089
0 0.969 0.535 0.062 0.079
0 0.810 0.170 0.058 0.072
0 0.741 0.911 0.065 0.091
0 0.640 0.831 0.089 0.098
0 0.522 0.815 0.085 0.087
0 0.458 0.948 0.069 0.079
0 0.328 0.831 0.082 0.092
0 0.027 0.042 0.053 0.083
0 0.356 0.346 0.101 0.077
0 0.601 0.540 0.061 0.103
