1 0.165 0.215 0.119 0.101
1 0.665 0.817 0.128 0.121
1 0.596 0.763 0.089 0.110
1 0.596 0.619 0.109 0.100
1 0.547 0.508 0.105 0.103
1 0.621 0.467 0.121 0.107
1 0.568 0.405 0.125 0.107
1 0.661 0.336 0.138 0.119
1 0.575 0.298 0.127 0.104
1 0.851 0.261 0.093 0.079
1 0.923 0.261 0.083 0.095
1 0.907 0.337 0.094 0.096
2 0.254 0.278 0.103 0.090
2 0.313 0.225 0.090 0.096
2 0.402 0.217 0.092 0.104
2 0.496 0.217 0.084 0.101
2 0.672 0.551 0.119 0.110
2 0.722 0.637 0.121 0.114
2 0.812 0.747 0.086 0.093
2 0.298 0.514 0.096 0.089
2 0.216 0.544 0.083 0.073
2 0.367 0.604 0.103 0.085
2 0.288 0.593 0.086 0.074
1 0.575 0.174 0.101 0.076
1 0.760 0.866 0.137 0.078
2 0.391 0.523 0.089 0.074
1 0.768 0.529 0.092 0.103
1 0.917 0.159 0.108 0.093
1 0.854 0.397 0.090 0.075
2 0.426 0.094 0.122 0.084
