1 0.167 0.305 0.102 0.090
1 0.714 0.631 0.096 0.100
0 0.635 0.582 0.096 0.086
0 0.628 0.506 0.106 0.089
2 0.182 0.052 0.066 0.063
2 0.187 0.112 0.065 0.073
2 0.204 0.175 0.072 0.057
2 0.207 0.351 0.085 0.106
2 0.146 0.450 0.087 0.080
2 0.124 0.549 0.059 0.078
2 0.610 0.691 0.063 0.061
2 0.829 0.677 0.060 0.062
2 0.745 0.788 0.074 0.082
2 0.839 0.803 0.062 0.075
2 0.898 0.838 0.083 0.068
2 0.803 0.881 0.029 0.076
2 0.758 0.914 0.050 0.072
2 0.931 0.342 0.073 0.073
2 0.860 0.336 0.074 0.059
2 0.782 0.333 0.049 0.051
2 0.744 0.300 0.055 0.057
2 0.631 0.182 0.073 0.045
2 0.599 0.219 0.054 0.044
2 0.539 0.298 0.043 0.067
2 0.445 0.186 0.064 0.069
1 0.360 0.169 0.078 0.073
2 0.548 0.159 0.060 0.045
2 0.751 0.709 0.064 0.057
2 0.292 0.453 0.069 0.068
0 0.708 0.526 0.066 0.074
0 0.799 0.948 0.071 0.083
1 0.401 0.092 0.088 0.087
2 0.284 0.552 0.081 0.061
2 0.675 0.686 0.064 0.073
2 0.878 0.728 0.087 0.074
2 0.213 0.490 0.062 0.078
2 0.585 0.267 0.059 0.063
