1 0.106 0.296 0.106 0.096
1 0.321 0.168 0.074 0.069
1 0.701 0.601 0.099 0.092
0 0.618 0.559 0.100 0.083
0 0.608 0.483 0.106 0.086
0 0.812 0.899 0.062 0.074
2 0.754 0.874 0.056 0.071
2 0.794 0.830 0.064 0.055
2 0.737 0.748 0.081 0.081
2 0.841 0.759 0.078 0.072
2 0.900 0.798 0.075 0.054
2 0.826 0.645 0.076 0.067
2 0.742 0.672 0.073 0.059
2 0.591 0.660 0.070 0.054
2 0.937 0.323 0.075 0.055
2 0.860 0.325 0.087 0.054
2 0.772 0.321 0.069 0.044
2 0.508 0.286 0.053 0.058
2 0.580 0.215 0.049 0.040
2 0.611 0.180 0.063 0.039
2 0.522 0.153 0.076 0.042
2 0.408 0.179 0.075 0.065
2 0.124 0.060 0.075 0.057
2 0.126 0.115 0.080 0.062
2 0.135 0.167 0.075 0.049
2 0.152 0.335 0.092 0.098
2 0.085 0.429 0.093 0.086
2 0.051 0.523 0.065 0.077
1 0.366 0.092 0.089 0.084
2 0.249 0.434 0.078 0.068
2 0.663 0.650 0.058 0.050
2 0.245 0.528 0.082 0.060
2 0.889 0.695 0.083 0.079
2 0.564 0.261 0.062 0.059
