2 0.087 0.154 0.055 0.025
2 0.084 0.180 0.039 0.026
2 0.052 0.169 0.036 0.025
2 0.136 0.244 0.045 0.029
2 0.147 0.221 0.038 0.021
2 0.573 0.070 0.039 0.032
2 0.614 0.052 0.055 0.038
2 0.904 0.106 0.060 0.037
2 0.702 0.172 0.035 0.029
2 0.688 0.195 0.026 0.023
2 0.658 0.197 0.025 0.026
2 0.665 0.453 0.049 0.022
2 0.605 0.438 0.035 0.037
2 0.577 0.548 0.027 0.029
2 0.658 0.760 0.032 0.023
0 0.566 0.937 0.053 0.032
0 0.449 0.854 0.039 0.024
0 0.695 0.744 0.066 0.038
0 0.714 0.718 0.049 0.044
0 0.739 0.532 0.075 0.045
0 0.755 0.486 0.083 0.045
0 0.880 0.663 0.061 0.038
0 0.176 0.682 0.035 0.026
0 0.208 0.669 0.045 0.029
0 0.229 0.649 0.044 0.025
0 0.101 0.604 0.056 0.025
0 0.110 0.627 0.048 0.020
0 0.145 0.596 0.052 0.022
0 0.136 0.575 0.045 0.022
0 0.113 0.542 0.070 0.030
0 0.165 0.520 0.062 0.032
0 0.124 0.491 0.058 0.030
0 0.265 0.540 0.047 0.026
0 0.304 0.568 0.031 0.030
0 0.341 0.560 0.035 0.026
0 0.341 0.595 0.043 0.032
2 0.377 0.525 0.048 0.030
2 0.440 0.531 0.029 0.026
0 0.358 0.490 0.039 0.029
0 0.402 0.484 0.048 0.028
1 0.286 0.479 0.045 0.023
2 0.327 0.487 0.032 0.025
1 0.802 0.059 0.061 0.026
0 0.770 0.026 0.075 0.045
0 0.705 0.035 0.056 0.035
1 0.632 0.019 0.068 0.032
0 0.564 0.168 0.070 0.047
0 0.562 0.234 0.060 0.037
0 0.618 0.389 0.064 0.035
0 0.385 0.199 0.053 0.034
1 0.081 0.252 0.035 0.020
0 0.351 0.286 0.051 0.031
0 0.392 0.664 0.042 0.038
0 0.612 0.307 0.075 0.050
0 0.378 0.076 0.070 0.042
0 0.300 0.208 0.062 0.045
0 0.542 0.871 0.051 0.031
0 0.316 0.247 0.053 0.024
0 0.603 0.143 0.053 0.032
1 0.153 0.164 0.045 0.029
0 0.452 0.501 0.047 0.026
0 0.411 0.834 0.035 0.023
0 0.753 0.890 0.044 0.030
0 0.692 0.878 0.039 0.020
0 0.877 0.797 0.048 0.032
0 0.932 0.817 0.061 0.035
0 0.879 0.891 0.044 0.038
0 0.075 0.568 0.052 0.030
0 0.382 0.622 0.043 0.034
0 0.571 0.405 0.044 0.031
0 0.320 0.300 0.051 0.031
0 0.248 0.181 0.044 0.026
2 0.722 0.097 0.036 0.038
2 0.102 0.341 0.038 0.024
0 0.842 0.583 0.047 0.035
0 0.310 0.421 0.026 0.033
0 0.032 0.238 0.055 0.030
0 0.016 0.127 0.029 0.030
0 0.306 0.120 0.056 0.034
