2 0.779 0.132 0.041 0.054
2 0.737 0.118 0.041 0.053
2 0.729 0.058 0.045 0.066
0 0.650 0.238 0.056 0.083
0 0.677 0.181 0.050 0.060
0 0.673 0.130 0.067 0.058
0 0.676 0.066 0.061 0.074
0 0.764 0.243 0.046 0.072
0 0.691 0.420 0.067 0.091
0 0.726 0.495 0.061 0.057
0 0.794 0.453 0.061 0.058
0 0.794 0.522 0.065 0.062
0 0.815 0.593 0.071 0.087
0 0.726 0.550 0.071 0.060
0 0.752 0.599 0.071 0.058
0 0.770 0.658 0.068 0.062
0 0.819 0.737 0.062 0.094
0 0.877 0.737 0.052 0.082
0 0.719 0.789 0.069 0.092
0 0.618 0.838 0.065 0.088
0 0.241 0.623 0.039 0.089
0 0.302 0.603 0.055 0.086
0 0.297 0.473 0.069 0.080
0 0.282 0.407 0.074 0.058
0 0.282 0.346 0.074 0.054
0 0.291 0.290 0.069 0.070
0 0.201 0.438 0.075 0.082
0 0.654 0.777 0.073 0.077
0 0.396 0.835 0.061 0.075
0 0.199 0.564 0.064 0.062
0 0.207 0.496 0.079 0.052
1 0.801 0.112 0.037 0.061
0 0.583 0.803 0.061 0.054
0 0.206 0.796 0.018 0.028
0 0.212 0.972 0.020 0.027
0 0.228 0.991 0.015 0.017
0 0.817 0.226 0.045 0.070
0 0.762 0.376 0.039 0.045
0 0.428 0.713 0.058 0.086
0 0.524 0.879 0.038 0.074
0 0.704 0.719 0.075 0.070
0 0.194 0.920 0.017 0.019
0 0.214 0.932 0.016 0.022
0 0.359 0.961 0.010 0.011
0 0.219 0.823 0.019 0.028
2 0.688 0.020 0.045 0.039
0 0.979 0.340 0.042 0.050
