0 0.224 0.271 0.092 0.091
0 0.329 0.302 0.130 0.107
0 0.800 0.568 0.117 0.101
0 0.702 0.587 0.093 0.091
0 0.669 0.524 0.112 0.076
0 0.220 0.572 0.109 0.071
0 0.208 0.633 0.112 0.059
0 0.274 0.736 0.098 0.082
0 0.584 0.829 0.155 0.096
0 0.510 0.888 0.115 0.077
0 0.459 0.960 0.107 0.081
0 0.380 0.922 0.114 0.080
0 0.362 0.836 0.096 0.078
0 0.504 0.484 0.073 0.083
0 0.294 0.099 0.115 0.081
0 0.259 0.177 0.124 0.078
0 0.700 0.446 0.109 0.080
0 0.736 0.376 0.107 0.074
0 0.367 0.696 0.109 0.091
0 0.709 0.279 0.080 0.070
