2 0.520 0.272 0.074 0.069
2 0.508 0.328 0.063 0.059
2 0.513 0.890 0.064 0.059
2 0.478 0.921 0.063 0.058
2 0.448 0.805 0.046 0.050
2 0.822 0.968 0.049 0.057
2 0.737 0.356 0.060 0.057
0 0.172 0.149 0.057 0.051
0 0.597 0.170 0.078 0.057
0 0.771 0.034 0.056 0.051
0 0.264 0.168 0.043 0.050
0 0.467 0.574 0.057 0.070
0 0.551 0.630 0.059 0.060
0 0.651 0.780 0.074 0.063
0 0.591 0.796 0.079 0.062
0 0.517 0.788 0.057 0.045
0 0.675 0.843 0.075 0.062
1 0.720 0.906 0.081 0.046
1 0.537 0.844 0.064 0.046
0 0.851 0.755 0.074 0.084
0 0.827 0.677 0.081 0.082
0 0.766 0.750 0.060 0.058
0 0.257 0.931 0.068 0.055
0 0.703 0.103 0.067 0.074
0 0.634 0.613 0.093 0.067
0 0.599 0.539 0.074 0.045
1 0.600 0.871 0.054 0.060
1 0.836 0.893 0.074 0.050
0 0.536 0.692 0.075 0.075
1 0.619 0.332 0.061 0.042
2 0.222 0.220 0.063 0.031
0 0.973 0.980 0.054 0.041
