0 0.923 0.952 0.078 0.096
0 0.971 0.934 0.049 0.119
0 0.634 0.578 0.044 0.097
0 0.042 0.839 0.061 0.078
0 0.050 0.757 0.047 0.055
1 0.187 0.776 0.049 0.065
2 0.237 0.757 0.051 0.065
2 0.877 0.212 0.040 0.074
2 0.517 0.183 0.045 0.055
2 0.507 0.234 0.055 0.060
2 0.350 0.140 0.056 0.053
2 0.316 0.166 0.043 0.071
2 0.309 0.069 0.035 0.057
2 0.305 0.240 0.040 0.048
2 0.305 0.290 0.038 0.053
2 0.262 0.265 0.039 0.065
2 0.162 0.226 0.038 0.048
2 0.105 0.447 0.037 0.062
2 0.145 0.419 0.045 0.074
1 0.041 0.962 0.062 0.076
0 0.784 0.458 0.060 0.099
