1 0.075 0.187 0.116 0.084
1 0.137 0.119 0.108 0.075
1 0.238 0.121 0.112 0.089
1 0.352 0.637 0.100 0.075
1 0.681 0.803 0.117 0.066
1 0.747 0.882 0.146 0.085
1 0.501 0.859 0.157 0.066
2 0.565 0.933 0.112 0.079
2 0.671 0.937 0.112 0.084
0 0.522 0.785 0.120 0.068
0 0.461 0.706 0.131 0.077
0 0.222 0.595 0.123 0.058
0 0.216 0.663 0.134 0.076
0 0.207 0.750 0.149 0.099
0 0.075 0.759 0.116 0.096
0 0.478 0.640 0.123 0.069
0 0.617 0.640 0.128 0.094
0 0.758 0.610 0.126 0.084
0 0.671 0.540 0.125 0.078
0 0.773 0.539 0.068 0.066
0 0.660 0.459 0.140 0.084
0 0.438 0.532 0.122 0.063
0 0.451 0.469 0.123 0.062
0 0.459 0.401 0.133 0.067
0 0.667 0.366 0.114 0.082
0 0.633 0.270 0.131 0.072
0 0.744 0.233 0.133 0.060
0 0.496 0.315 0.089 0.070
0 0.418 0.221 0.114 0.060
0 0.666 0.155 0.156 0.062
0 0.470 0.093 0.114 0.049
0 0.227 0.045 0.120 0.053
