1 0.745 0.243 0.083 0.073
1 0.810 0.175 0.074 0.077
1 0.346 0.409 0.095 0.084
1 0.440 0.419 0.090 0.086
1 0.961 0.703 0.078 0.073
1 0.890 0.184 0.078 0.093
0 0.872 0.091 0.088 0.069
2 0.662 0.266 0.079 0.071
0 0.291 0.046 0.102 0.083
0 0.422 0.166 0.093 0.088
0 0.428 0.088 0.091 0.073
0 0.323 0.252 0.106 0.083
0 0.333 0.314 0.117 0.071
0 0.324 0.525 0.111 0.067
0 0.323 0.635 0.152 0.075
0 0.324 0.712 0.145 0.088
0 0.356 0.793 0.116 0.077
0 0.407 0.846 0.106 0.060
0 0.436 0.916 0.092 0.097
0 0.511 0.962 0.084 0.076
0 0.537 0.799 0.091 0.078
0 0.759 0.826 0.092 0.105
0 0.860 0.817 0.112 0.096
0 0.872 0.734 0.109 0.071
0 0.871 0.663 0.106 0.067
0 0.711 0.750 0.110 0.076
0 0.746 0.691 0.084 0.082
0 0.088 0.957 0.086 0.086
1 0.438 0.311 0.088 0.087
