1 0.338 0.424 0.121 0.110
1 0.387 0.367 0.095 0.112
1 0.354 0.088 0.079 0.111
1 0.658 0.035 0.071 0.068
1 0.680 0.776 0.079 0.069
1 0.577 0.681 0.083 0.065
1 0.577 0.749 0.102 0.072
2 0.719 0.845 0.111 0.077
1 0.721 0.435 0.054 0.054
2 0.719 0.925 0.096 0.090
2 0.659 0.960 0.056 0.069
2 0.591 0.949 0.081 0.072
2 0.574 0.895 0.085 0.060
2 0.579 0.824 0.097 0.060
2 0.212 0.523 0.072 0.086
2 0.284 0.493 0.086 0.114
2 0.158 0.162 0.086 0.092
2 0.212 0.099 0.068 0.086
2 0.280 0.069 0.075 0.098
2 0.623 0.102 0.062 0.066
2 0.551 0.128 0.050 0.075
2 0.656 0.138 0.048 0.072
2 0.693 0.158 0.050 0.080
2 0.724 0.173 0.043 0.072
2 0.787 0.139 0.088 0.056
2 0.797 0.194 0.084 0.063
2 0.687 0.365 0.075 0.069
2 0.632 0.312 0.081 0.075
2 0.538 0.343 0.091 0.061
2 0.544 0.397 0.071 0.057
2 0.480 0.256 0.076 0.078
2 0.552 0.248 0.075 0.069
2 0.471 0.200 0.070 0.035
2 0.461 0.141 0.096 0.052
0 0.418 0.256 0.065 0.094
0 0.097 0.308 0.116 0.087
0 0.397 0.511 0.086 0.100
0 0.442 0.562 0.056 0.063
0 0.508 0.535 0.076 0.082
0 0.689 0.508 0.095 0.130
0 0.760 0.516 0.046 0.080
0 0.785 0.439 0.075 0.089
0 0.767 0.083 0.121 0.069
0 0.694 0.699 0.102 0.087
1 0.174 0.430 0.089 0.103
2 0.754 0.290 0.055 0.069
