0 0.893 0.028 0.093 0.055
0 0.965 0.036 0.064 0.059
0 0.891 0.483 0.097 0.096
0 0.902 0.562 0.114 0.074
0 0.923 0.674 0.099 0.110
0 0.896 0.824 0.095 0.089
0 0.933 0.913 0.097 0.108
0 0.652 0.594 0.090 0.070
0 0.570 0.467 0.094 0.067
0 0.602 0.221 0.067 0.086
0 0.508 0.059 0.070 0.073
0 0.402 0.080 0.062 0.066
0 0.226 0.252 0.085 0.076
0 0.137 0.234 0.060 0.058
0 0.217 0.336 0.063 0.063
0 0.178 0.378 0.070 0.042
0 0.268 0.308 0.068 0.054
0 0.345 0.344 0.069 0.063
0 0.353 0.280 0.059 0.057
0 0.190 0.619 0.076 0.070
0 0.201 0.543 0.074 0.070
0 0.137 0.716 0.055 0.052
0 0.295 0.820 0.079 0.076
1 0.074 0.712 0.057 0.054
1 0.059 0.396 0.045 0.044
2 0.057 0.164 0.036 0.036
2 0.101 0.147 0.051 0.049
1 0.515 0.201 0.066 0.063
0 0.259 0.976 0.063 0.049
0 0.124 0.482 0.062 0.064
0 0.900 0.193 0.078 0.062
