2 0.270 0.622 0.102 0.098
2 0.046 0.779 0.084 0.094
2 0.023 0.043 0.043 0.066
0 0.094 0.046 0.090 0.088
0 0.152 0.301 0.086 0.099
0 0.328 0.234 0.087 0.118
0 0.353 0.088 0.095 0.105
0 0.461 0.059 0.070 0.115
0 0.518 0.042 0.036 0.081
0 0.581 0.084 0.081 0.111
0 0.663 0.214 0.091 0.128
0 0.734 0.245 0.049 0.115
0 0.551 0.361 0.109 0.121
0 0.549 0.229 0.105 0.121
0 0.259 0.359 0.091 0.098
0 0.454 0.488 0.087 0.120
0 0.424 0.619 0.091 0.101
0 0.422 0.780 0.079 0.096
0 0.386 0.884 0.090 0.098
0 0.593 0.631 0.105 0.135
0 0.670 0.809 0.098 0.106
0 0.732 0.881 0.073 0.096
0 0.915 0.781 0.066 0.098
1 0.238 0.487 0.100 0.126
1 0.353 0.358 0.083 0.103
0 0.246 0.171 0.083 0.096
0 0.413 0.322 0.077 0.088
0 0.377 0.524 0.083 0.113
