1 0.363 0.435 0.067 0.081
1 0.144 0.084 0.039 0.048
1 0.662 0.447 0.044 0.063
1 0.357 0.566 0.075 0.081
1 0.516 0.902 0.053 0.052
2 0.398 0.632 0.067 0.060
2 0.266 0.677 0.063 0.057
2 0.796 0.545 0.055 0.057
2 0.926 0.600 0.063 0.061
2 0.636 0.506 0.053 0.044
2 0.580 0.523 0.053 0.054
2 0.241 0.026 0.053 0.050
2 0.053 0.060 0.036 0.028
2 0.051 0.105 0.046 0.052
0 0.173 0.215 0.074 0.065
0 0.571 0.428 0.058 0.063
0 0.703 0.385 0.056 0.076
0 0.745 0.328 0.067 0.103
0 0.749 0.217 0.073 0.081
0 0.691 0.173 0.066 0.069
0 0.612 0.113 0.077 0.069
0 0.786 0.104 0.058 0.061
0 0.832 0.150 0.064 0.077
0 0.562 0.959 0.083 0.071
0 0.510 0.735 0.070 0.069
0 0.387 0.785 0.061 0.069
0 0.082 0.684 0.060 0.062
0 0.191 0.348 0.034 0.047
0 0.225 0.959 0.067 0.074
0 0.915 0.724 0.073 0.079
0 0.635 0.796 0.068 0.068
0 0.877 0.212 0.055 0.079
