0 0.716 0.066 0.143 0.131
0 0.420 0.239 0.123 0.145
0 0.567 0.283 0.130 0.110
0 0.137 0.172 0.121 0.072
0 0.266 0.412 0.095 0.107
0 0.336 0.494 0.113 0.109
0 0.398 0.558 0.129 0.119
0 0.569 0.470 0.103 0.109
0 0.568 0.596 0.118 0.124
0 0.689 0.605 0.118 0.130
0 0.913 0.660 0.137 0.112
0 0.928 0.758 0.125 0.097
0 0.523 0.734 0.120 0.145
0 0.421 0.906 0.113 0.123
0 0.323 0.846 0.095 0.121
0 0.330 0.750 0.149 0.104
0 0.413 0.403 0.129 0.129
0 0.555 0.077 0.100 0.093
0 0.095 0.422 0.065 0.102
0 0.275 0.132 0.077 0.071
0 0.462 0.818 0.102 0.104
0 0.509 0.515 0.106 0.092
