0 0.470 0.269 0.145 0.071
1 0.642 0.275 0.152 0.065
1 0.212 0.214 0.114 0.054
1 0.585 0.448 0.233 0.068
1 0.462 0.381 0.168 0.089
1 0.608 0.382 0.174 0.060
2 0.733 0.575 0.157 0.083
2 0.608 0.585 0.087 0.061
2 0.640 0.729 0.123 0.090
2 0.500 0.773 0.139 0.053
2 0.619 0.892 0.107 0.074
2 0.663 0.838 0.132 0.053
0 0.537 0.192 0.112 0.089
0 0.357 0.120 0.103 0.072
0 0.437 0.703 0.052 0.032
1 0.442 0.065 0.103 0.061
2 0.488 0.859 0.105 0.070
2 0.641 0.656 0.118 0.074
0 0.552 0.124 0.090 0.057
0 0.460 0.581 0.063 0.028
