0 0.584 0.062 0.134 0.088
0 0.216 0.320 0.167 0.089
0 0.246 0.229 0.131 0.084
0 0.090 0.226 0.098 0.076
0 0.046 0.306 0.088 0.076
0 0.052 0.546 0.095 0.126
0 0.157 0.554 0.118 0.115
0 0.272 0.414 0.114 0.075
0 0.324 0.466 0.095 0.070
0 0.404 0.521 0.087 0.075
0 0.442 0.419 0.090 0.071
0 0.555 0.307 0.139 0.074
0 0.655 0.254 0.065 0.067
0 0.584 0.156 0.071 0.088
0 0.686 0.492 0.070 0.093
0 0.303 0.804 0.144 0.078
0 0.480 0.884 0.123 0.094
0 0.508 0.793 0.118 0.096
0 0.583 0.855 0.120 0.066
0 0.409 0.796 0.098 0.081
0 0.765 0.582 0.111 0.076
0 0.861 0.705 0.082 0.096
0 0.856 0.842 0.107 0.090
0 0.715 0.409 0.077 0.086
0 0.565 0.642 0.106 0.082
0 0.549 0.719 0.096 0.072
0 0.290 0.144 0.128 0.094
0 0.449 0.703 0.106 0.086
0 0.896 0.903 0.098 0.075
0 0.610 0.495 0.076 0.072
0 0.659 0.166 0.063 0.077
0 0.336 0.235 0.076 0.077
0 0.318 0.320 0.092 0.102
0 0.343 0.389 0.076 0.058
