0 0.648 0.831 0.107 0.088
0 0.607 0.753 0.068 0.086
0 0.572 0.659 0.098 0.082
0 0.532 0.577 0.065 0.077
0 0.747 0.218 0.063 0.073
0 0.797 0.235 0.070 0.080
0 0.454 0.174 0.078 0.073
0 0.478 0.248 0.080 0.075
0 0.467 0.328 0.093 0.080
0 0.386 0.342 0.088 0.070
0 0.404 0.273 0.088 0.084
0 0.297 0.285 0.085 0.079
0 0.184 0.216 0.102 0.076
2 0.472 0.437 0.090 0.061
0 0.676 0.911 0.087 0.073
0 0.702 0.197 0.044 0.068
0 0.161 0.915 0.039 0.036
0 0.738 0.859 0.084 0.092
0 0.790 0.910 0.088 0.065
0 0.410 0.416 0.064 0.085
0 0.517 0.420 0.073 0.079
0 0.078 0.265 0.099 0.062
0 0.305 0.070 0.088 0.058
0 0.430 0.110 0.095 0.063
0 0.821 0.804 0.082 0.081
1 0.609 0.949 0.079 0.069
0 0.218 0.985 0.077 0.030
0 0.885 0.607 0.046 0.049
0 0.181 0.134 0.048 0.064
0 0.252 0.138 0.100 0.047
0 0.679 0.776 0.085 0.065
0 0.964 0.382 0.065 0.034
0 0.839 0.975 0.068 0.050
0 0.766 0.743 0.089 0.048
