0 0.215 0.103 0.109 0.082
0 0.539 0.056 0.112 0.082
0 0.340 0.161 0.095 0.070
0 0.497 0.181 0.107 0.068
0 0.514 0.318 0.113 0.078
0 0.175 0.249 0.112 0.074
0 0.346 0.273 0.105 0.062
0 0.282 0.383 0.114 0.080
0 0.294 0.481 0.117 0.080
0 0.295 0.558 0.107 0.074
0 0.292 0.635 0.109 0.073
0 0.218 0.621 0.089 0.083
0 0.317 0.721 0.107 0.082
0 0.325 0.820 0.095 0.078
0 0.415 0.861 0.100 0.086
0 0.459 0.761 0.107 0.082
0 0.452 0.679 0.105 0.072
0 0.447 0.601 0.103 0.082
0 0.457 0.525 0.105 0.079
0 0.472 0.438 0.098 0.077
0 0.110 0.558 0.094 0.079
0 0.031 0.531 0.060 0.071
0 0.590 0.688 0.098 0.069
0 0.669 0.735 0.113 0.072
0 0.620 0.810 0.090 0.067
0 0.538 0.798 0.072 0.059
0 0.719 0.866 0.090 0.074
0 0.551 0.929 0.107 0.072
0 0.797 0.946 0.100 0.075
0 0.895 0.832 0.097 0.076
0 0.828 0.770 0.100 0.071
0 0.735 0.544 0.064 0.066
0 0.698 0.949 0.090 0.071
0 0.106 0.433 0.102 0.074
0 0.028 0.431 0.054 0.065
0 0.603 0.575 0.089 0.063
0 0.540 0.555 0.078 0.057
0 0.416 0.033 0.097 0.063
0 0.276 0.040 0.105 0.061
0 0.807 0.546 0.094 0.063
0 0.953 0.655 0.092 0.069
0 0.907 0.706 0.110 0.082
0 0.479 0.244 0.102 0.066
0 0.796 0.835 0.092 0.066
0 0.566 0.748 0.089 0.059
0 0.528 0.980 0.105 0.040
0 0.089 0.182 0.028 0.028
0 0.118 0.098 0.030 0.022
0 0.129 0.162 0.030 0.026
0 0.179 0.179 0.072 0.053
0 0.951 0.867 0.055 0.042
