2 0.477 0.925 0.090 0.060
2 0.551 0.931 0.075 0.058
2 0.588 0.873 0.088 0.062
2 0.431 0.869 0.082 0.056
2 0.379 0.819 0.097 0.064
2 0.253 0.783 0.066 0.056
2 0.330 0.739 0.125 0.054
2 0.392 0.675 0.099 0.065
2 0.570 0.644 0.113 0.070
2 0.644 0.720 0.105 0.067
2 0.819 0.703 0.116 0.069
2 0.944 0.756 0.104 0.098
2 0.961 0.801 0.078 0.065
2 0.579 0.487 0.115 0.063
1 0.794 0.762 0.119 0.057
0 0.723 0.828 0.133 0.088
0 0.939 0.968 0.121 0.056
1 0.335 0.611 0.108 0.084
1 0.661 0.416 0.105 0.083
0 0.761 0.579 0.109 0.082
0 0.806 0.493 0.152 0.083
0 0.912 0.432 0.126 0.075
0 0.823 0.390 0.121 0.087
0 0.717 0.334 0.116 0.080
0 0.744 0.163 0.133 0.100
1 0.598 0.321 0.121 0.081
0 0.513 0.277 0.111 0.090
0 0.582 0.206 0.080 0.080
0 0.386 0.132 0.092 0.103
0 0.122 0.107 0.107 0.102
0 0.122 0.221 0.109 0.100
0 0.269 0.249 0.124 0.101
0 0.316 0.382 0.120 0.087
0 0.413 0.386 0.101 0.075
2 0.204 0.506 0.096 0.078
2 0.549 0.710 0.094 0.060
2 0.982 0.865 0.037 0.055
2 0.092 0.427 0.063 0.061
2 0.648 0.779 0.094 0.064
1 0.265 0.708 0.086 0.071
0 0.304 0.321 0.104 0.069
0 0.213 0.190 0.097 0.095
0 0.966 0.326 0.067 0.091
1 0.589 0.579 0.108 0.065
0 0.136 0.963 0.099 0.073
0 0.268 0.977 0.120 0.047
0 0.447 0.228 0.124 0.087
0 0.197 0.074 0.104 0.094
0 0.036 0.814 0.036 0.027
0 0.027 0.798 0.033 0.022
0 0.023 0.971 0.043 0.057
0 0.632 0.858 0.066 0.073
0 0.933 0.662 0.119 0.073
0 0.966 0.569 0.069 0.066
0 0.489 0.434 0.100 0.072
