1 0.654 0.491 0.086 0.059
1 0.644 0.431 0.085 0.062
1 0.288 0.547 0.074 0.063
1 0.303 0.488 0.069 0.063
0 0.281 0.111 0.085 0.072
0 0.274 0.181 0.090 0.077
0 0.165 0.145 0.089 0.057
0 0.264 0.295 0.075 0.061
0 0.167 0.237 0.075 0.069
0 0.153 0.320 0.080 0.059
0 0.177 0.419 0.075 0.071
0 0.285 0.367 0.094 0.057
0 0.286 0.424 0.061 0.059
0 0.391 0.757 0.086 0.077
0 0.377 0.828 0.087 0.078
0 0.369 0.936 0.073 0.063
0 0.306 0.905 0.063 0.072
0 0.422 0.612 0.065 0.069
0 0.559 0.921 0.086 0.076
0 0.587 0.854 0.079 0.066
0 0.442 0.528 0.041 0.079
0 0.636 0.357 0.069 0.070
0 0.748 0.260 0.084 0.062
0 0.780 0.184 0.071 0.063
0 0.703 0.185 0.074 0.079
1 0.784 0.379 0.067 0.061
2 0.789 0.442 0.061 0.059
2 0.920 0.522 0.061 0.062
2 0.870 0.514 0.050 0.072
2 0.929 0.460 0.067 0.058
2 0.656 0.646 0.060 0.064
2 0.673 0.576 0.052 0.065
2 0.616 0.636 0.029 0.051
0 0.848 0.296 0.066 0.075
0 0.320 0.700 0.072 0.070
0 0.325 0.636 0.066 0.060
0 0.276 0.791 0.063 0.060
0 0.013 0.541 0.024 0.055
0 0.680 0.331 0.057 0.068
0 0.519 0.383 0.065 0.061
0 0.407 0.865 0.062 0.070
0 0.493 0.964 0.045 0.054
0 0.019 0.346 0.026 0.023
0 0.076 0.563 0.047 0.056
0 0.344 0.559 0.059 0.059
0 0.510 0.456 0.070 0.062
1 0.877 0.351 0.051 0.048
1 0.545 0.277 0.042 0.047
0 0.590 0.656 0.051 0.068
1 0.844 0.466 0.059 0.063
1 0.361 0.437 0.018 0.021
1 0.357 0.156 0.058 0.043
2 0.234 0.572 0.042 0.061
0 0.276 0.051 0.077 0.057
