2 0.179 0.482 0.067 0.070
2 0.214 0.525 0.055 0.057
2 0.263 0.509 0.043 0.058
2 0.211 0.419 0.046 0.041
2 0.345 0.477 0.064 0.053
2 0.357 0.520 0.064 0.047
2 0.502 0.049 0.034 0.039
2 0.455 0.026 0.072 0.050
2 0.556 0.024 0.055 0.047
2 0.662 0.044 0.058 0.066
2 0.715 0.112 0.056 0.056
1 0.099 0.399 0.060 0.073
1 0.154 0.402 0.057 0.069
1 0.297 0.375 0.067 0.079
1 0.319 0.260 0.065 0.041
1 0.391 0.352 0.068 0.043
1 0.321 0.435 0.061 0.053
1 0.390 0.839 0.088 0.063
1 0.418 0.949 0.066 0.062
1 0.448 0.922 0.063 0.062
1 0.490 0.904 0.066 0.069
1 0.173 0.343 0.061 0.062
0 0.087 0.336 0.046 0.063
0 0.236 0.273 0.054 0.068
0 0.186 0.238 0.065 0.072
0 0.239 0.187 0.049 0.063
0 0.419 0.129 0.064 0.086
0 0.454 0.204 0.073 0.097
0 0.503 0.240 0.065 0.083
0 0.572 0.275 0.067 0.082
0 0.628 0.284 0.057 0.070
0 0.686 0.340 0.085 0.076
0 0.770 0.376 0.082 0.082
0 0.757 0.463 0.073 0.078
0 0.777 0.536 0.073 0.080
0 0.768 0.610 0.065 0.070
0 0.752 0.682 0.082 0.065
0 0.738 0.748 0.084 0.075
0 0.772 0.804 0.078 0.086
0 0.819 0.853 0.060 0.078
0 0.879 0.846 0.064 0.073
0 0.874 0.709 0.070 0.051
0 0.869 0.647 0.052 0.060
0 0.869 0.574 0.071 0.051
0 0.867 0.504 0.075 0.076
0 0.537 0.757 0.062 0.072
0 0.506 0.829 0.075 0.085
0 0.359 0.679 0.093 0.063
0 0.335 0.632 0.066 0.062
0 0.483 0.573 0.060 0.081
0 0.972 0.469 0.057 0.077
0 0.395 0.545 0.073 0.063
0 0.471 0.489 0.074 0.063
1 0.186 0.182 0.044 0.042
0 0.839 0.761 0.073 0.073
0 0.428 0.735 0.057 0.053
0 0.893 0.423 0.079 0.074
2 0.702 0.079 0.051 0.054
0 0.137 0.116 0.038 0.050
