2 0.171 0.944 0.030 0.063
2 0.254 0.821 0.043 0.070
2 0.300 0.891 0.042 0.062
2 0.322 0.817 0.050 0.067
2 0.283 0.738 0.050 0.059
2 0.410 0.762 0.031 0.062
2 0.472 0.800 0.037 0.078
2 0.506 0.889 0.033 0.056
2 0.533 0.951 0.035 0.049
2 0.568 0.955 0.036 0.066
2 0.591 0.901 0.040 0.062
2 0.602 0.830 0.038 0.063
2 0.626 0.756 0.039 0.065
2 0.464 0.576 0.039 0.073
2 0.492 0.531 0.047 0.070
2 0.513 0.671 0.050 0.076
2 0.449 0.277 0.042 0.060
2 0.488 0.290 0.039 0.052
2 0.519 0.256 0.042 0.068
2 0.525 0.202 0.042 0.063
2 0.471 0.159 0.045 0.053
2 0.558 0.172 0.049 0.068
2 0.642 0.251 0.049 0.058
2 0.610 0.307 0.043 0.067
2 0.593 0.383 0.042 0.064
2 0.581 0.435 0.039 0.053
2 0.552 0.447 0.039 0.058
2 0.528 0.398 0.040 0.060
2 0.667 0.508 0.030 0.041
2 0.684 0.481 0.028 0.041
2 0.628 0.126 0.049 0.065
2 0.733 0.522 0.039 0.059
2 0.797 0.549 0.035 0.063
2 0.800 0.845 0.035 0.041
2 0.925 0.883 0.035 0.058
2 0.959 0.842 0.040 0.076
2 0.904 0.799 0.035 0.066
2 0.837 0.693 0.032 0.063
1 0.240 0.558 0.057 0.069
1 0.289 0.611 0.045 0.063
1 0.416 0.660 0.052 0.056
1 0.573 0.593 0.041 0.069
1 0.632 0.663 0.042 0.072
1 0.982 0.624 0.035 0.065
1 0.937 0.701 0.039 0.065
1 0.697 0.189 0.039 0.088
1 0.654 0.098 0.046 0.075
0 0.076 0.311 0.048 0.042
0 0.038 0.173 0.055 0.076
0 0.233 0.171 0.052 0.075
0 0.352 0.122 0.055 0.089
0 0.243 0.326 0.042 0.073
0 0.375 0.472 0.052 0.084
0 0.338 0.520 0.055 0.077
0 0.200 0.482 0.057 0.055
1 0.665 0.560 0.054 0.073
2 0.348 0.789 0.039 0.063
0 0.660 0.938 0.042 0.084
0 0.710 0.765 0.059 0.099
0 0.672 0.753 0.025 0.086
0 0.756 0.767 0.035 0.045
0 0.810 0.743 0.039 0.076
0 0.863 0.941 0.053 0.078
0 0.789 0.973 0.053 0.051
0 0.984 0.947 0.033 0.068
0 0.910 0.977 0.041 0.046
0 0.730 0.124 0.044 0.083
0 0.738 0.062 0.050 0.073
1 0.502 0.454 0.047 0.068
0 0.086 0.257 0.032 0.052
0 0.505 0.974 0.053 0.052
0 0.413 0.974 0.049 0.052
0 0.276 0.448 0.064 0.091
0 0.135 0.188 0.056 0.096
0 0.179 0.252 0.050 0.098
0 0.331 0.927 0.046 0.077
1 0.991 0.794 0.018 0.064
1 0.793 0.618 0.036 0.055
0 0.647 0.793 0.036 0.076
2 0.533 0.769 0.047 0.065
2 0.530 0.839 0.046 0.060
2 0.445 0.741 0.043 0.071
2 0.540 0.331 0.045 0.067
2 0.559 0.264 0.047 0.067
2 0.521 0.071 0.049 0.067
0 0.303 0.337 0.046 0.069
0 0.347 0.019 0.042 0.037
