2 0.115 0.713 0.039 0.056
2 0.187 0.748 0.037 0.065
2 0.230 0.709 0.043 0.063
2 0.270 0.709 0.032 0.063
2 0.426 0.651 0.038 0.068
2 0.284 0.818 0.030 0.043
2 0.470 0.613 0.026 0.047
2 0.467 0.684 0.031 0.061
2 0.705 0.479 0.033 0.056
2 0.713 0.559 0.030 0.064
2 0.736 0.626 0.049 0.073
2 0.779 0.548 0.040 0.082
2 0.795 0.480 0.037 0.083
2 0.317 0.549 0.041 0.054
1 0.288 0.635 0.055 0.078
1 0.340 0.706 0.042 0.055
1 0.375 0.661 0.048 0.079
1 0.395 0.769 0.037 0.076
1 0.435 0.854 0.020 0.073
1 0.528 0.563 0.047 0.065
1 0.596 0.553 0.040 0.081
1 0.629 0.426 0.045 0.099
1 0.765 0.411 0.041 0.068
1 0.865 0.412 0.036 0.090
1 0.920 0.426 0.042 0.097
1 0.928 0.351 0.032 0.072
1 0.795 0.350 0.033 0.067
0 0.467 0.849 0.048 0.092
0 0.463 0.757 0.042 0.062
0 0.948 0.951 0.046 0.069
0 0.952 0.781 0.044 0.090
0 0.967 0.426 0.049 0.089
0 0.912 0.233 0.045 0.095
0 0.948 0.205 0.038 0.085
0 0.916 0.129 0.053 0.083
0 0.902 0.037 0.053 0.069
1 0.856 0.333 0.035 0.065
1 0.837 0.227 0.032 0.070
0 0.764 0.180 0.035 0.060
0 0.745 0.055 0.061 0.092
0 0.671 0.124 0.062 0.082
0 0.656 0.209 0.047 0.078
0 0.639 0.307 0.061 0.100
0 0.695 0.374 0.046 0.077
0 0.499 0.497 0.055 0.075
0 0.486 0.149 0.045 0.090
0 0.452 0.183 0.051 0.111
0 0.445 0.306 0.051 0.065
0 0.377 0.222 0.065 0.085
0 0.368 0.141 0.048 0.060
0 0.334 0.105 0.048 0.066
0 0.261 0.046 0.062 0.074
0 0.184 0.087 0.042 0.075
0 0.194 0.209 0.041 0.066
0 0.134 0.203 0.032 0.056
0 0.116 0.095 0.018 0.048
0 0.262 0.282 0.063 0.067
0 0.333 0.311 0.037 0.061
0 0.293 0.405 0.039 0.069
0 0.395 0.497 0.061 0.068
0 0.340 0.481 0.054 0.072
0 0.071 0.522 0.049 0.131
0 0.121 0.510 0.044 0.090
0 0.168 0.412 0.036 0.046
0 0.186 0.322 0.040 0.056
0 0.129 0.338 0.036 0.065
0 0.129 0.413 0.043 0.074
0 0.066 0.725 0.037 0.090
0 0.671 0.015 0.046 0.028
0 0.624 0.012 0.043 0.021
0 0.439 0.101 0.048 0.048
0 0.453 0.048 0.053 0.068
0 0.280 0.153 0.044 0.073
0 0.259 0.186 0.033 0.092
0 0.215 0.422 0.042 0.060
0 0.957 0.700 0.041 0.059
0 0.978 0.551 0.036 0.077
2 0.640 0.539 0.028 0.051
2 0.817 0.523 0.031 0.054
2 0.292 0.910 0.026 0.035
2 0.678 0.606 0.037 0.060
0 0.455 0.498 0.050 0.066
2 0.188 0.638 0.034 0.053
2 0.349 0.826 0.037 0.060
2 0.214 0.577 0.028 0.036
0 0.805 0.120 0.042 0.078
0 0.825 0.177 0.046 0.060
0 0.770 0.238 0.031 0.053
1 0.737 0.334 0.040 0.079
