2 0.028 0.941 0.055 0.098
2 0.335 0.749 0.039 0.079
2 0.375 0.720 0.055 0.102
2 0.511 0.665 0.055 0.089
2 0.440 0.541 0.049 0.078
2 0.423 0.422 0.024 0.036
2 0.448 0.402 0.053 0.095
2 0.600 0.180 0.060 0.088
2 0.243 0.058 0.057 0.082
2 0.794 0.374 0.049 0.084
2 0.911 0.492 0.072 0.095
2 0.826 0.447 0.068 0.088
2 0.834 0.562 0.064 0.079
2 0.883 0.710 0.053 0.074
2 0.797 0.842 0.049 0.066
2 0.779 0.774 0.050 0.086
2 0.685 0.714 0.057 0.091
2 0.666 0.844 0.049 0.082
2 0.625 0.862 0.042 0.099
2 0.562 0.573 0.060 0.078
2 0.329 0.601 0.056 0.091
2 0.289 0.217 0.042 0.074
2 0.363 0.215 0.050 0.070
2 0.225 0.268 0.076 0.114
0 0.022 0.271 0.042 0.123
0 0.758 0.100 0.098 0.124
0 0.658 0.175 0.064 0.135
0 0.515 0.340 0.041 0.098
0 0.522 0.946 0.064 0.093
0 0.961 0.902 0.079 0.101
0 0.975 0.818 0.050 0.060
1 0.934 0.642 0.064 0.127
1 0.791 0.257 0.076 0.128
1 0.711 0.313 0.066 0.090
1 0.883 0.393 0.068 0.091
2 0.445 0.724 0.046 0.081
2 0.647 0.506 0.072 0.090
2 0.468 0.322 0.049 0.086
2 0.421 0.221 0.067 0.083
2 0.499 0.123 0.055 0.090
2 0.925 0.837 0.053 0.070
2 0.680 0.594 0.062 0.099
2 0.729 0.612 0.045 0.078
2 0.026 0.871 0.050 0.071
2 0.032 0.675 0.062 0.112
2 0.240 0.666 0.060 0.086
2 0.225 0.586 0.048 0.061
2 0.287 0.442 0.061 0.082
2 0.381 0.446 0.055 0.089
2 0.187 0.389 0.035 0.045
2 0.297 0.361 0.079 0.089
2 0.468 0.601 0.051 0.087
2 0.765 0.521 0.068 0.080
2 0.441 0.149 0.054 0.064
2 0.136 0.043 0.053 0.084
0 0.106 0.110 0.072 0.119
0 0.024 0.155 0.047 0.136
0 0.365 0.051 0.064 0.099
0 0.212 0.189 0.075 0.087
0 0.459 0.030 0.057 0.058
0 0.725 0.186 0.060 0.116
0 0.435 0.078 0.064 0.075
2 0.519 0.476 0.055 0.085
0 0.833 0.955 0.073 0.071
0 0.135 0.976 0.059 0.048
1 0.971 0.502 0.058 0.122
2 0.894 0.643 0.049 0.093
