0 0.919 0.093 0.083 0.079
0 0.683 0.065 0.082 0.072
0 0.590 0.170 0.113 0.098
0 0.555 0.301 0.117 0.106
0 0.465 0.351 0.117 0.122
0 0.606 0.398 0.093 0.097
0 0.689 0.369 0.084 0.094
0 0.859 0.531 0.068 0.079
0 0.783 0.550 0.075 0.077
0 0.640 0.642 0.077 0.092
0 0.533 0.593 0.106 0.086
0 0.512 0.501 0.105 0.097
0 0.572 0.676 0.092 0.099
0 0.923 0.874 0.064 0.071
0 0.238 0.772 0.060 0.062
0 0.063 0.736 0.104 0.104
0 0.047 0.831 0.093 0.098
0 0.317 0.593 0.083 0.087
0 0.401 0.431 0.105 0.086
0 0.222 0.469 0.091 0.087
0 0.089 0.483 0.112 0.092
0 0.052 0.392 0.103 0.089
0 0.180 0.369 0.111 0.095
0 0.277 0.313 0.102 0.094
0 0.321 0.226 0.108 0.091
2 0.822 0.245 0.069 0.069
2 0.777 0.412 0.082 0.085
2 0.397 0.502 0.076 0.072
0 0.298 0.508 0.087 0.091
0 0.766 0.610 0.058 0.065
0 0.709 0.620 0.081 0.060
0 0.638 0.537 0.097 0.091
0 0.025 0.214 0.047 0.079
0 0.484 0.187 0.117 0.102
0 0.463 0.136 0.090 0.083
0 0.847 0.424 0.077 0.080
0 0.389 0.968 0.075 0.064
0 0.148 0.744 0.087 0.055
0 0.188 0.540 0.091 0.068
0 0.761 0.320 0.086 0.098
0 0.869 0.324 0.087 0.101
0 0.135 0.249 0.120 0.091
0 0.868 0.769 0.050 0.060
0 0.709 0.548 0.080 0.098
