0 0.219 0.712 0.087 0.088
0 0.075 0.539 0.092 0.112
1 0.534 0.300 0.082 0.129
2 0.249 0.468 0.067 0.110
2 0.347 0.401 0.059 0.111
2 0.408 0.325 0.083 0.097
2 0.460 0.244 0.069 0.094
2 0.538 0.550 0.050 0.089
2 0.364 0.773 0.040 0.077
2 0.382 0.670 0.065 0.067
2 0.350 0.590 0.064 0.093
2 0.341 0.505 0.086 0.097
2 0.730 0.524 0.058 0.071
2 0.963 0.424 0.073 0.115
2 0.835 0.282 0.065 0.114
2 0.770 0.359 0.073 0.060
2 0.903 0.207 0.081 0.129
2 0.530 0.421 0.088 0.107
2 0.310 0.735 0.056 0.088
2 0.481 0.586 0.066 0.116
2 0.288 0.235 0.071 0.124
2 0.273 0.348 0.076 0.110
2 0.664 0.018 0.053 0.034
1 0.112 0.699 0.076 0.095
1 0.388 0.184 0.089 0.094
0 0.516 0.179 0.056 0.084
0 0.529 0.093 0.087 0.088
