2 0.418 0.855 0.068 0.036
1 0.632 0.822 0.076 0.056
1 0.622 0.761 0.085 0.050
1 0.744 0.705 0.094 0.049
1 0.749 0.778 0.092 0.042
1 0.539 0.753 0.065 0.037
1 0.579 0.844 0.045 0.051
1 0.507 0.838 0.073 0.069
2 0.723 0.828 0.113 0.049
2 0.907 0.623 0.066 0.046
2 0.848 0.596 0.060 0.034
2 0.244 0.696 0.090 0.044
2 0.311 0.726 0.052 0.029
2 0.520 0.212 0.085 0.046
1 0.362 0.183 0.071 0.050
1 0.401 0.230 0.080 0.052
1 0.541 0.159 0.083 0.061
0 0.406 0.068 0.100 0.075
0 0.553 0.088 0.107 0.077
0 0.442 0.139 0.103 0.074
0 0.830 0.174 0.084 0.053
0 0.634 0.293 0.123 0.065
0 0.950 0.411 0.100 0.056
0 0.963 0.495 0.073 0.072
0 0.703 0.423 0.084 0.044
0 0.722 0.477 0.136 0.053
0 0.809 0.523 0.113 0.043
0 0.535 0.368 0.099 0.054
0 0.443 0.395 0.113 0.067
0 0.556 0.450 0.110 0.056
0 0.488 0.498 0.119 0.062
0 0.361 0.459 0.117 0.046
0 0.425 0.573 0.066 0.049
0 0.537 0.594 0.085 0.044
0 0.746 0.642 0.087 0.057
0 0.389 0.622 0.092 0.048
0 0.370 0.680 0.098 0.051
0 0.288 0.658 0.107 0.077
0 0.378 0.752 0.126 0.073
0 0.184 0.818 0.099 0.058
0 0.075 0.913 0.088 0.042
0 0.200 0.979 0.091 0.042
0 0.287 0.933 0.121 0.069
0 0.302 0.874 0.094 0.050
0 0.686 0.986 0.094 0.028
1 0.385 0.818 0.114 0.064
0 0.623 0.241 0.087 0.041
0 0.149 0.885 0.098 0.060
0 0.304 0.542 0.081 0.044
0 0.299 0.584 0.095 0.048
0 0.009 0.603 0.016 0.012
0 0.980 0.345 0.039 0.066
0 0.562 0.028 0.102 0.054
0 0.714 0.594 0.079 0.046
0 0.616 0.694 0.087 0.054
0 0.533 0.688 0.085 0.056
0 0.520 0.554 0.080 0.050
0 0.020 0.952 0.038 0.042
0 0.216 0.758 0.121 0.061
0 0.655 0.517 0.083 0.055
1 0.131 0.603 0.023 0.013
1 0.022 0.473 0.022 0.017
2 0.114 0.042 0.103 0.042
2 0.015 0.549 0.027 0.013
