2 0.731 0.069 0.081 0.084
2 0.718 0.145 0.086 0.078
2 0.675 0.226 0.076 0.074
2 0.663 0.314 0.072 0.056
2 0.602 0.382 0.050 0.066
2 0.345 0.121 0.091 0.063
2 0.334 0.207 0.086 0.081
2 0.320 0.285 0.076 0.071
2 0.229 0.131 0.055 0.053
2 0.233 0.234 0.074 0.074
2 0.213 0.306 0.069 0.073
2 0.246 0.388 0.062 0.079
0 0.425 0.037 0.090 0.071
0 0.392 0.410 0.072 0.073
0 0.344 0.468 0.079 0.073
0 0.382 0.568 0.079 0.068
0 0.299 0.599 0.084 0.078
1 0.313 0.695 0.110 0.088
1 0.332 0.783 0.103 0.084
1 0.337 0.044 0.072 0.051
0 0.080 0.604 0.026 0.038
0 0.053 0.614 0.028 0.035
2 0.604 0.017 0.055 0.030
2 0.223 0.236 0.077 0.069
