1 0.640 0.112 0.116 0.105
1 0.803 0.104 0.085 0.050
1 0.739 0.064 0.085 0.103
1 0.503 0.041 0.130 0.079
1 0.466 0.132 0.098 0.063
1 0.448 0.301 0.091 0.101
1 0.628 0.232 0.108 0.109
1 0.452 0.389 0.110 0.093
1 0.274 0.334 0.105 0.077
1 0.143 0.598 0.094 0.098
1 0.132 0.705 0.111 0.108
1 0.060 0.760 0.108 0.083
1 0.070 0.860 0.113 0.103
1 0.458 0.851 0.115 0.085
1 0.624 0.709 0.086 0.071
1 0.716 0.723 0.103 0.067
1 0.636 0.805 0.094 0.098
2 0.837 0.160 0.080 0.088
2 0.897 0.205 0.072 0.078
2 0.966 0.236 0.067 0.075
2 0.699 0.384 0.079 0.060
2 0.720 0.456 0.081 0.075
2 0.634 0.480 0.082 0.069
2 0.553 0.606 0.086 0.091
2 0.466 0.623 0.098 0.094
2 0.438 0.462 0.118 0.092
2 0.374 0.524 0.085 0.094
2 0.294 0.539 0.074 0.064
2 0.205 0.509 0.090 0.084
1 0.257 0.577 0.096 0.062
1 0.470 0.767 0.080 0.071
1 0.657 0.868 0.086 0.061
1 0.647 0.648 0.083 0.052
1 0.527 0.281 0.072 0.070
1 0.164 0.435 0.103 0.066
1 0.833 0.023 0.075 0.044
1 0.973 0.065 0.055 0.048
2 0.963 0.135 0.074 0.070
2 0.900 0.093 0.082 0.073
2 0.608 0.391 0.073 0.083
2 0.281 0.476 0.089 0.064
1 0.350 0.228 0.089 0.089
1 0.532 0.826 0.075 0.053
1 0.694 0.601 0.022 0.024
1 0.742 0.654 0.021 0.026
1 0.722 0.663 0.018 0.018
1 0.382 0.618 0.077 0.080
2 0.509 0.912 0.067 0.069
1 0.390 0.144 0.079 0.073
1 0.413 0.211 0.076 0.063
1 0.538 0.381 0.083 0.085
1 0.801 0.817 0.086 0.048
